0.0148468017578, 17.0, -1.0, -0.0507444, -0.0266392, 359.843, 0.0, 0.00684326, 0.05, 17.0, -1.0, 
0.0563507080078, 17.0, -1.0, -0.0558328, -0.017245, 359.842, 0.0, 0.00749026, 0.05, 17.0, -1.0, 
0.0140151977539, 17.0, -1.0, -0.0558328, -0.017245, 359.842, 0.0, 0.00749026, 0.05, 17.0, -1.0, 
0.0150375366211, 17.0, -1.0, -0.0558328, -0.017245, 359.842, 0.0, 0.00749026, 0.05, 17.0, -1.0, 
0.0300521850586, 17.0, -1.0, -0.0558328, -0.017245, 359.842, 0.0, 0.00749026, 0.05, 17.0, -1.0, 
0.0150451660156, 17.0, -1.0, -0.0558328, -0.017245, 359.842, 0.0, 0.00749026, 0.05, 17.0, -1.0, 
0.0150527954102, 17.0, -1.0, -0.0558328, -0.017245, 359.842, 0.0, 0.00749026, 0.05, 17.0, -1.0, 
0.015983581543, 17.0, -1.0, -0.0558328, -0.017245, 359.842, 0.0, 0.00749026, 0.05, 17.0, -1.0, 
0.0140686035156, 17.0, -1.0, -0.0558328, -0.017245, 359.842, 0.0, 0.00749026, 0.05, 17.0, -1.0, 
0.014030456543, 17.0, -1.0, -0.0558328, -0.017245, 359.842, 0.0, 0.00749026, 0.05, 17.0, -1.0, 
0.0147933959961, 17.0, -1.0, -0.0558328, -0.017245, 359.842, 0.0, 0.00749026, 0.05, 17.0, -1.0, 
0.0150375366211, 17.0, -1.0, -0.0558328, -0.017245, 359.842, 0.0, 0.00749026, 0.05, 17.0, -1.0, 
0.0150527954102, 17.0, -1.0, -0.0568297, -0.0170131, 359.842, 0.0, 0.00838159, 0.05, 17.0, -1.0, 
0.0140533447266, 17.0, -1.0, -0.0568297, -0.0170131, 359.842, 0.0, 0.00838159, 0.05, 17.0, -1.0, 
0.0150527954102, 17.0, -1.0, -0.0568297, -0.0170131, 359.842, 0.0, 0.00838159, 0.05, 17.0, -1.0, 
0.0155792236328, 17.0, -1.0, -0.0568297, -0.0170131, 359.842, 0.0, 0.00838159, 0.05, 17.0, -1.0, 
0.0155868530273, 17.0, -1.0, -0.0568297, -0.0170131, 359.842, 0.0, 0.00838159, 0.05, 17.0, -1.0, 
0.0158081054688, 17.0, -1.0, -0.0568297, -0.0170131, 359.842, 0.0, 0.00838159, 0.05, 17.0, -1.0, 
0.0149993896484, 17.0, -1.0, -0.0568297, -0.0170131, 359.842, 0.0, 0.00838159, 0.05, 17.0, -1.0, 
0.0130081176758, 17.0, -1.0, -0.0568297, -0.0170131, 359.842, 0.0, 0.00838159, 0.05, 17.0, -1.0, 
0.0140609741211, 17.0, -1.0, -0.0568297, -0.0170131, 359.842, 0.0, 0.00838159, 0.05, 17.0, -1.0, 
0.0150527954102, 17.0, -1.0, -0.0568297, -0.0170131, 359.842, 0.0, 0.00838159, 0.05, 17.0, -1.0, 
0.0150680541992, 17.0, -1.0, -0.0568297, -0.0170131, 359.842, 0.0, 0.00838159, 0.05, 17.0, -1.0, 
0.0150146484375, 17.0, -1.0, -0.0568297, -0.0170131, 359.842, 0.0, 0.00838159, 0.05, 17.0, -1.0, 
0.0140686035156, 17.0, -1.0, -0.0568297, -0.0170131, 359.842, 0.0, 0.00838159, 0.05, 17.0, -1.0, 
0.0139923095703, 17.0, -1.0, -0.0568297, -0.0170131, 359.842, 0.0, 0.00838159, 0.05, 17.0, -1.0, 
0.0150527954102, 17.0, -1.0, -0.0568297, -0.0170131, 359.842, 0.0, 0.00838159, 0.05, 17.0, -1.0, 
0.0150299072266, 17.0, -1.0, -0.0477581, -0.0185691, 359.840, 0.0, 0.00859082, 0.05, 17.0, -1.0, 
0.0309982299805, 17.0, -1.0, -0.0477581, -0.0185691, 359.840, 0.0, 0.00859082, 0.05, 17.0, -1.0, 
0.0150527954102, 17.0, -1.0, -0.0477581, -0.0185691, 359.840, 0.0, 0.0, 0.05, 17.0, -1.0, 
0.0149917602539, 17.0, -1.0, -0.0477581, -0.0185691, 359.840, 0.0, 0.0, 0.05, 17.0, -1.0, 
0.0140380859375, 17.0, -1.0, -0.0477581, -0.0185691, 359.840, 0.0, 0.0, 0.05, 17.0, -1.0, 
0.0150680541992, 17.0, -1.0, -0.0477581, -0.0185691, 359.840, 0.0, 0.0, 0.05, 17.0, -1.0, 
0.0140686035156, 16.0, -1.0, -0.0477581, -0.0185691, 359.840, 0.0, 0.0, 0.05, 16.9090909091, -1.0, 
0.0250549316406, 16.0, -1.0, -0.0477581, -0.0185691, 359.840, 0.0, 0.0, 0.05, 16.8264462810, -1.0, 
0.0139999389648, 16.0, -1.0, -0.0477581, -0.0185691, 359.840, 0.0, 0.0, 0.05, 16.7513148009, -1.0, 
0.0152053833008, 16.0, -1.0, -0.0477581, -0.0185691, 359.840, 0.0, 0.0, 0.05, 16.6830134554, -1.0, 
0.0140380859375, 16.0, -1.0, -0.0477581, -0.0185691, 359.840, 0.0, 0.0, 0.05, 16.6209213231, -1.0, 
0.0141830444336, 16.0, -1.0, -0.0477581, -0.0185691, 359.840, 0.0, 0.0, 0.05, 16.5644739301, -1.0, 
0.0146102905273, 16.0, -1.0, -0.0477581, -0.0185691, 359.840, 0.0, 0.0, 0.05, 16.5131581182, -1.0, 
0.0149765014648, 16.0, -1.0, -0.0477581, -0.0185691, 359.840, 0.0, 0.0, 0.05, 16.4665073802, -1.0, 
0.0146331787109, 16.0, -1.0, -0.0413912, -0.0218413, 359.840, 0.0, 0.00969802, 0.05, 16.4240976184, -1.0, 
0.0302352905273, 16.0, -1.0, -0.0413912, -0.0218413, 359.840, 0.0, 0.00969802, 0.05, 16.3855432894, -1.0, 
0.0145874023438, 16.0, -1.0, -0.0413912, -0.0218413, 359.840, 0.0, 0.00969802, 0.05, 16.3504938995, -1.0, 
0.0148086547852, 16.0, -1.0, -0.0413912, -0.0218413, 359.840, 0.0, 0.00969802, 0.05, 16.3186308177, -1.0, 
0.0141830444336, 16.0, -1.0, -0.0413912, -0.0218413, 359.840, 0.0, 0.00969802, 0.05, 16.2896643797, -1.0, 
0.0150375366211, 16.0, -1.0, -0.0413912, -0.0218413, 359.840, 0.0, 0.00969802, 0.05, 16.2633312543, -1.0, 
0.0140686035156, 16.0, -1.0, -0.0413912, -0.0218413, 359.840, 0.0, 0.00969802, 0.05, 16.2393920494, -1.0, 
0.0150680541992, 16.0, -1.0, -0.0413912, -0.0218413, 359.840, 0.0, 0.00969802, 0.05, 16.2176291358, -1.0, 
0.0150604248047, 16.0, -1.0, -0.0413912, -0.0218413, 359.840, 0.0, 0.00969802, 0.05, 16.1978446689, -1.0, 
0.0150527954102, 16.0, -1.0, -0.0413912, -0.0218413, 359.840, 0.0, 0.00969802, 0.05, 16.1798587899, -1.0, 
0.0142974853516, 16.0, -1.0, -0.0413912, -0.0218413, 359.840, 0.0, 0.00969802, 0.05, 16.1635079908, -1.0, 
0.0141296386719, 16.0, -1.0, -0.0413912, -0.0218413, 359.840, 0.0, 0.00969802, 0.05, 16.1486436280, -1.0, 
0.0150527954102, 16.0, -1.0, -0.0413912, -0.0218413, 359.840, 0.0, 0.00969802, 0.05, 16.1351305709, -1.0, 
0.0150299072266, 16.0, -1.0, -0.0448689, -0.018543, 359.838, 0.0, 0.0105624, 0.05, 16.1228459736, -1.0, 
0.0150680541992, 16.0, -1.0, -0.0448689, -0.018543, 359.838, 0.0, 0.0105624, 0.05, 16.1116781578, -1.0, 
0.0149078369141, 16.0, -1.0, -0.0448689, -0.018543, 359.838, 0.0, 0.0105624, 0.05, 16.1015255980, -1.0, 
0.0150451660156, 16.0, -1.0, -0.0448689, -0.018543, 359.838, 0.0, 0.0105624, 0.05, 16.0922959982, -1.0, 
0.0150680541992, 16.0, -1.0, -0.0448689, -0.018543, 359.838, 0.0, 0.0105624, 0.05, 16.0839054529, -1.0, 
0.0149993896484, 16.0, -1.0, -0.0448689, -0.018543, 359.838, 0.0, 0.0105624, 0.05, 16.0762776844, -1.0, 
0.0140686035156, 14.0, -1.0, -0.0448689, -0.018543, 359.838, 0.0, 0.0105624, 0.05, 15.8875251677, -1.0, 
0.0147323608398, 14.0, -1.0, -0.0448689, -0.018543, 359.838, 0.0, 0.0105624, 0.05, 15.7159319706, -1.0, 
0.014045715332, 14.0, -1.0, -0.0448689, -0.018543, 359.838, 0.0, 0.0105624, 0.05, 15.5599381551, -1.0, 
0.0150756835938, 14.0, -1.0, -0.0448689, -0.018543, 359.838, 0.0, 0.0105624, 0.05, 15.4181255955, -1.0, 
0.0150527954102, 14.0, -1.0, -0.0448689, -0.018543, 359.838, 0.0, 0.0105624, 0.05, 15.2892050869, -1.0, 
0.0150527954102, 14.0, -1.0, -0.0448689, -0.018543, 359.838, 0.0, 0.0105624, 0.05, 15.1720046244, -1.0, 
0.0140075683594, 14.0, -1.0, -0.0448689, -0.018543, 359.838, 0.0, 0.0105624, 0.05, 15.0654587495, -1.0, 
0.014030456543, 14.0, -1.0, -0.0448689, -0.018543, 359.838, 0.0, 0.0105624, 0.05, 14.9685988632, -1.0, 
0.0150527954102, 14.0, -1.0, -0.0448689, -0.018543, 359.838, 0.0, 0.0105624, 0.05, 14.8805444211, -1.0, 
0.0142059326172, 14.0, -1.0, -0.0534988, -0.0160992, 359.838, 0.0, 0.011178, 0.05, 14.8004949282, -1.0, 
0.0150375366211, 14.0, -1.0, -0.0534988, -0.0160992, 359.838, 0.0, 0.011178, 0.05, 14.7277226620, -1.0, 
0.0151138305664, 14.0, -1.0, -0.0534988, -0.0160992, 359.838, 0.0, 0.011178, 0.05, 14.6615660564, -1.0, 
0.0150451660156, 14.0, -1.0, -0.0534988, -0.0160992, 359.838, 0.0, 0.011178, 0.05, 14.6014236876, -1.0, 
0.0150604248047, 14.0, -1.0, -0.0534988, -0.0160992, 359.838, 0.0, 0.011178, 0.05, 14.5467488069, -1.0, 
0.0150375366211, 14.0, -1.0, -0.0534988, -0.0160992, 359.838, 0.0, 0.011178, 0.05, 14.4970443699, -1.0, 
0.0150527954102, 14.0, -1.0, -0.0534988, -0.0160992, 359.838, 0.0, 0.011178, 0.05, 14.4518585181, -1.0, 
0.0150756835938, 14.0, -1.0, -0.0534988, -0.0160992, 359.838, 0.0, 0.011178, 0.05, 14.4107804710, -1.0, 
0.0149917602539, 14.0, -1.0, -0.0534988, -0.0160992, 359.838, 0.0, 0.011178, 0.05, 14.3734367918, -1.0, 
0.0311279296875, 14.0, -1.0, -0.0534988, -0.0160992, 359.838, 0.0, 0.011178, 0.05, 14.3394879926, -1.0, 
0.0143508911133, 14.0, -1.0, -0.0534988, -0.0160992, 359.838, 0.0, 0.011178, 0.05, 14.3086254478, -1.0, 
0.0139923095703, 14.0, -1.0, -0.0534988, -0.0160992, 359.838, 0.0, 0.011178, 0.05, 14.2805685889, -1.0, 
0.0139923095703, 14.0, -1.0, -0.0534988, -0.0160992, 359.838, 0.0, 0.011178, 0.05, 14.2550623536, -1.0, 
0.015007019043, 14.0, -1.0, -0.0534988, -0.0160992, 359.838, 0.0, 0.011178, 0.05, 14.2318748669, -1.0, 
0.0139999389648, 14.0, -1.0, -0.0534988, -0.0160992, 359.838, 0.0, 0.011178, 0.05, 14.2107953335, -1.0, 
0.0149917602539, 14.0, -1.0, -0.0534988, -0.0160992, 359.838, 0.0, 0.011178, 0.05, 14.1916321214, -1.0, 
0.0140533447266, 14.0, -1.0, -0.0588362, -0.0106675, 359.834, 0.0, 0.0115631, 0.05, 14.1742110194, -1.0, 
0.0300674438477, 14.0, -1.0, -0.0588362, -0.0106675, 359.834, 0.0, 0.0115631, 0.05, 14.1583736540, -1.0, 
0.0150375366211, 14.0, -1.0, -0.0588362, -0.0106675, 359.834, 0.0, 0.0115631, 0.05, 14.1439760491, -1.0, 
0.0140380859375, 14.0, -1.0, -0.0588362, -0.0106675, 359.834, 0.0, 0.0115631, 0.05, 14.1308873174, -1.0, 
0.0150375366211, 14.0, -1.0, -0.0588362, -0.0106675, 359.834, 0.0, 0.0, 0.05, 14.1189884703, -1.0, 
0.0150527954102, 14.0, -1.0, -0.0588362, -0.0106675, 359.834, 0.0, 0.0, 0.05, 14.1081713367, -1.0, 
0.0149993896484, 14.0, -1.0, -0.0588362, -0.0106675, 359.834, 0.0, 0.0, 0.05, 14.0983375788, -1.0, 
0.0136337280273, 14.0, 0.0, -0.0588362, -0.0106675, 359.834, 0.0, 0.0, 0.06, 14.0893977989, -0.909090909091, 
0.0151443481445, 14.0, 0.0, -0.0588362, -0.0106675, 359.834, 0.0, 0.0, 0.06, 14.0812707263, -0.826446280992, 
0.0142059326172, 14.0, 0.0, -0.0588362, -0.0106675, 359.834, 0.0, 0.0, 0.06, 14.0738824784, -0.751314800902, 
0.0143508911133, 14.0, 0.0, -0.0588362, -0.0106675, 359.834, 0.0, 0.0, 0.06, 14.0671658895, -0.683013455365, 
0.0140533447266, 14.0, 0.0, -0.0588362, -0.0106675, 359.834, 0.0, 0.0, 0.06, 14.0610598995, -0.620921323059, 
0.0150833129883, 14.0, 0.0, -0.0588362, -0.0106675, 359.834, 0.0, 0.0, 0.06, 14.0555089996, -0.564473930054, 
0.0146560668945, 14.0, 0.0, -0.0529144, -0.0135876, 359.829, 0.0, 0.012374, 0.06, 14.0504627269, -0.513158118231, 
0.0147552490234, 14.0, 0.0, -0.0529144, -0.0135876, 359.829, 0.0, 0.012374, 0.06, 14.0458752063, -0.46650738021, 
0.0131225585938, 14.0, 0.0, -0.0529144, -0.0135876, 359.829, 0.0, 0.012374, 0.06, 14.0417047330, -0.424097618372, 
0.0150985717773, 14.0, 0.0, -0.0529144, -0.0135876, 359.829, 0.0, 0.012374, 0.06, 14.0379133936, -0.38554328943, 
0.0300598144531, 14.0, 0.0, -0.0529144, -0.0135876, 359.829, 0.0, 0.012374, 0.06, 14.0344667215, -0.350493899481, 
0.0229644775391, 14.0, 0.0, -0.0529144, -0.0135876, 359.829, 0.0, 0.012374, 0.06, 14.0313333831, -0.31863081771, 
0.0135498046875, 14.0, 0.0, -0.0529144, -0.0135876, 359.829, 0.0, 0.012374, 0.06, 14.0284848938, -0.289664379737, 
0.0149536132813, 14.0, 0.0, -0.0529144, -0.0135876, 359.829, 0.0, 0.012374, 0.06, 14.0258953580, -0.263331254306, 
0.0280456542969, 14.0, 0.0, -0.0529144, -0.0135876, 359.829, 0.0, 0.012374, 0.06, 14.0235412345, -0.239392049369, 
0.0144271850586, 14.0, 0.0, -0.0529144, -0.0135876, 359.829, 0.0, 0.012374, 0.06, 14.0214011223, -0.21762913579, 
0.0146942138672, 14.0, 0.0, -0.0529144, -0.0135876, 359.829, 0.0, 0.012374, 0.06, 14.0194555657, -0.1978446689, 
0.0140075683594, 14.0, 0.0, -0.0529144, -0.0135876, 359.829, 0.0, 0.012374, 0.06, 14.0176868779, -0.179858789909, 
0.015022277832, 14.0, 0.0, -0.0543846, -0.0210256, 359.829, 0.0, 0.0131375, 0.06, 14.0160789799, -0.163507990827, 
0.0140533447266, 14.0, 0.0, -0.0543846, -0.0210256, 359.829, 0.0, 0.0131375, 0.06, 14.0146172545, -0.148643628024, 
0.0133743286133, 14.0, 0.0, -0.0543846, -0.0210256, 359.829, 0.0, 0.0131375, 0.06, 14.0132884132, -0.135130570931, 
0.0140075683594, 14.0, 0.0, -0.0543846, -0.0210256, 359.829, 0.0, 0.0131375, 0.06, 14.0120803756, -0.122845973574, 
5.18634033203, 36.0, -57.0, -0.152243, -0.0569591, 359.748, 0.0, 0.0335692, 0.01, 14.0120803756, -0.122845973574, 
0.0280075073242, 36.0, -57.0, -0.152243, -0.0569591, 359.748, 0.0, 0.0335692, 0.01, 14.0120803756, -0.122845973574, 
0.0265274047852, 36.0, -57.0, -0.160501, -0.068417, 359.735, 0.0, 0.0290681, 0.01, 14.0120803756, -0.122845973574, 
0.0275421142578, 36.0, -57.0, -0.160501, -0.068417, 359.735, 0.0, 0.0290681, 0.01, 14.0120803756, -0.122845973574, 
0.0290679931641, 36.0, -57.0, -0.160501, -0.068417, 359.735, 0.0, 0.0290681, 0.01, 14.0120803756, -0.122845973574, 
0.0301284790039, 36.0, -57.0, -0.160501, -0.068417, 359.735, 0.0, 0.0290681, 0.01, 14.0120803756, -0.122845973574, 
0.0290451049805, 36.0, -57.0, -0.160501, -0.068417, 359.735, 0.0, 0.0290681, 0.01, 14.0120803756, -0.122845973574, 
0.0294189453125, 36.0, -57.0, -0.160501, -0.068417, 359.735, 0.0, 0.0290681, 0.01, 14.0120803756, -0.122845973574, 
0.0282363891602, 36.0, -57.0, -0.160501, -0.068417, 359.735, 0.0, 0.0290681, 0.01, 14.0120803756, -0.122845973574, 
0.0295562744141, 36.0, -57.0, -0.160501, -0.068417, 359.735, 0.0, 0.0290681, 0.01, 14.0120803756, -0.122845973574, 
0.0296936035156, 36.0, -57.0, -0.0656304, -0.0789893, 359.340, 0.0, 0.0424814, 0.01, 14.0120803756, -0.122845973574, 
0.0269927978516, 36.0, -57.0, -0.0656304, -0.0789893, 359.340, 0.0, 0.0424814, 0.01, 14.0120803756, -0.122845973574, 
0.0261459350586, 36.0, -57.0, -0.0656304, -0.0789893, 359.340, 0.0, 0.0424814, 0.01, 14.0120803756, -0.122845973574, 
0.0289154052734, 36.0, -57.0, -0.0656304, -0.0789893, 359.340, 0.0, 0.0, 0.01, 14.0120803756, -0.122845973574, 
0.0294189453125, -23.0, -115.0, -0.0656304, -0.0789893, 359.340, 0.0, 0.0, 0.0, 14.0120803756, -0.122845973574, 
0.0249938964844, -23.0, -115.0, -0.0656304, -0.0789893, 359.340, 0.0, 0.0, 0.0, 14.0120803756, -0.122845973574, 
0.0300521850586, -23.0, -115.0, -0.0656304, -0.0789893, 359.340, 0.0, 0.0, 0.0, 14.0120803756, -0.122845973574, 
0.0286102294922, -23.0, -115.0, 2.58154, -2.42846, 357.744, 0.0, 0.00483407, 0.0, 14.0120803756, -0.122845973574, 
0.0276565551758, -23.0, -115.0, 2.58154, -2.42846, 357.744, 0.0, 0.00483407, 0.0, 14.0120803756, -0.122845973574, 
0.0279922485352, -23.0, -115.0, 2.58154, -2.42846, 357.744, 0.0, 0.00483407, 0.0, 14.0120803756, -0.122845973574, 
0.0170516967773, -23.0, -115.0, 2.58154, -2.42846, 357.744, 0.0, 0.00483407, 0.0, 14.0120803756, -0.122845973574, 
0.0296325683594, -23.0, -115.0, 2.58154, -2.42846, 357.744, 0.0, 0.00483407, 0.0, 14.0120803756, -0.122845973574, 
0.0270004272461, -23.0, -115.0, 2.58154, -2.42846, 357.744, 0.0, 0.00483407, 0.0, 14.0120803756, -0.122845973574, 
0.0279922485352, -23.0, -115.0, 2.58154, -2.42846, 357.744, 0.0, 0.00483407, 0.0, 14.0120803756, -0.122845973574, 
0.0289916992188, -23.0, -115.0, 2.58154, -2.42846, 357.744, 0.0, 0.00483407, 0.0, 14.0120803756, -0.122845973574, 
0.0290069580078, -23.0, -115.0, 3.39866, -2.71383, 356.830, 0.0, 0.165936, 0.0, 14.0120803756, -0.122845973574, 
0.0280151367188, -23.0, -115.0, 3.39866, -2.71383, 356.830, 0.0, 0.165936, 0.0, 14.0120803756, -0.122845973574, 
0.0281600952148, -23.0, -115.0, 3.39866, -2.71383, 356.830, 0.0, 0.165936, 0.0, 14.0120803756, -0.122845973574, 
0.0263442993164, -23.0, -115.0, 3.39866, -2.71383, 356.830, 0.0, 0.165936, 0.0, 14.0120803756, -0.122845973574, 
0.0273208618164, -23.0, -115.0, 3.39866, -2.71383, 356.830, 0.0, 0.165936, 0.0, 14.0120803756, -0.122845973574, 
0.0266647338867, 76.0, 1.0, 3.39866, -2.71383, 356.830, 0.0, 0.165936, 0.16, 14.0120803756, -0.122845973574, 
0.0270080566406, 76.0, 1.0, 3.39866, -2.71383, 356.830, 0.0, 0.165936, 0.16, 14.0120803756, -0.122845973574, 
0.02685546875, 76.0, 1.0, 3.39866, -2.71383, 356.830, 0.0, 0.165936, 0.16, 14.0120803756, -0.122845973574, 
0.0287322998047, 76.0, 1.0, 2.15276, -4.20018, 356.631, 0.0, 0.322344, 0.16, 14.0120803756, -0.122845973574, 
0.0285949707031, 76.0, 1.0, 2.15276, -4.20018, 356.631, 0.0, 0.322344, 0.16, 14.0120803756, -0.122845973574, 
0.0259857177734, 76.0, 1.0, 2.15276, -4.20018, 356.631, 0.0, 0.322344, 0.16, 14.0120803756, -0.122845973574, 
0.0279159545898, 76.0, 1.0, 2.15276, -4.20018, 356.631, 0.0, 0.322344, 0.16, 14.0120803756, -0.122845973574, 
0.029052734375, 76.0, 1.0, 2.15276, -4.20018, 356.631, 0.0, 0.322344, 0.16, 14.0120803756, -0.122845973574, 
0.0278167724609, 76.0, 1.0, 2.15276, -4.20018, 356.631, 0.0, 0.322344, 0.16, 14.0120803756, -0.122845973574, 
0.0287322998047, 76.0, 1.0, 2.15276, -4.20018, 356.631, 0.0, 0.322344, 0.16, 14.0120803756, -0.122845973574, 
0.0279998779297, 76.0, 1.0, -0.419882, -0.710441, 356.862, 0.0, 0.361199, 0.16, 14.0120803756, -0.122845973574, 
0.0240020751953, 76.0, 1.0, -0.419882, -0.710441, 356.862, 0.0, 0.361199, 0.16, 14.0120803756, -0.122845973574, 
0.0260543823242, 76.0, 1.0, -0.419882, -0.710441, 356.862, 0.0, 0.361199, 0.16, 14.0120803756, -0.122845973574, 
0.0276107788086, 76.0, 1.0, -0.419882, -0.710441, 356.862, 0.0, 0.361199, 0.16, 14.0120803756, -0.122845973574, 
0.0270080566406, 76.0, 1.0, -0.419882, -0.710441, 356.862, 0.0, 0.361199, 0.16, 14.0120803756, -0.122845973574, 
0.0277633666992, 76.0, 1.0, -0.419882, -0.710441, 356.862, 0.0, 0.361199, 0.16, 14.0120803756, -0.122845973574, 
0.0296096801758, 27.0, 28.0, -0.419882, -0.710441, 356.862, 0.0, 0.0, 0.29, 14.0120803756, -0.122845973574, 
0.0405731201172, 27.0, 28.0, -0.419882, -0.710441, 356.862, 0.0, 0.0, 0.29, 14.0120803756, -0.122845973574, 
0.0271606445313, 27.0, 28.0, -3.01493, 0.184458, 357.241, 0.0, 0.0, 0.29, 14.0120803756, -0.122845973574, 
0.0292892456055, 27.0, 28.0, -3.01493, 0.184458, 357.241, 0.0, 0.285842, 0.29, 14.0120803756, -0.122845973574, 
0.0261993408203, 27.0, 28.0, -3.01493, 0.184458, 357.241, 0.0, 0.285842, 0.29, 14.0120803756, -0.122845973574, 
0.028938293457, 27.0, 28.0, -3.01493, 0.184458, 357.241, 0.0, 0.285842, 0.29, 14.0120803756, -0.122845973574, 
0.0280685424805, 27.0, 28.0, -3.01493, 0.184458, 357.241, 0.0, 0.285842, 0.29, 14.0120803756, -0.122845973574, 
0.0285949707031, 27.0, 28.0, -3.01493, 0.184458, 357.241, 0.0, 0.285842, 0.29, 14.0120803756, -0.122845973574, 
0.0279846191406, 27.0, 28.0, -3.01493, 0.184458, 357.241, 0.0, 0.285842, 0.29, 14.0120803756, -0.122845973574, 
0.0289840698242, 27.0, 28.0, -2.76915, 0.35349, 357.336, 0.0, 0.285842, 0.29, 14.0120803756, -0.122845973574, 
0.0271759033203, 27.0, 28.0, -2.76915, 0.35349, 357.336, 0.0, 0.296581, 0.29, 14.0120803756, -0.122845973574, 
0.0280609130859, 27.0, 28.0, -2.76915, 0.35349, 357.336, 0.0, 0.296581, 0.29, 14.0120803756, -0.122845973574, 
0.0280532836914, 27.0, 28.0, -2.76915, 0.35349, 357.336, 0.0, 0.296581, 0.29, 14.0120803756, -0.122845973574, 
0.0274658203125, 27.0, 28.0, -2.76915, 0.35349, 357.336, 0.0, 0.296581, 0.29, 14.0120803756, -0.122845973574, 
0.0279159545898, 27.0, 28.0, -2.76915, 0.35349, 357.336, 0.0, 0.296581, 0.29, 14.0120803756, -0.122845973574, 
0.0280075073242, 1.0, 22.0, -2.76915, 0.35349, 357.336, 0.0, 0.296581, 0.32, 14.0120803756, -0.122845973574, 
0.0260772705078, 1.0, 22.0, -2.76915, 0.35349, 357.336, 0.0, 0.296581, 0.32, 14.0120803756, -0.122845973574, 
0.0264587402344, 1.0, 22.0, -2.31638, 0.377885, 357.164, 0.0, 0.302645, 0.32, 14.0120803756, -0.122845973574, 
0.0270233154297, 1.0, 22.0, -2.31638, 0.377885, 357.164, 0.0, 0.302645, 0.32, 14.0120803756, -0.122845973574, 
0.0276336669922, 1.0, 22.0, -2.31638, 0.377885, 357.164, 0.0, 0.302645, 0.32, 14.0120803756, -0.122845973574, 
0.0271148681641, 1.0, 22.0, -2.31638, 0.377885, 357.164, 0.0, 0.302645, 0.32, 14.0120803756, -0.122845973574, 
0.0272216796875, 1.0, 22.0, -2.31638, 0.377885, 357.164, 0.0, 0.302645, 0.32, 14.0120803756, -0.122845973574, 
0.0290985107422, 1.0, 22.0, -2.31638, 0.377885, 357.164, 0.0, 0.302645, 0.32, 14.0120803756, -0.122845973574, 
0.0289001464844, 1.0, 22.0, -2.31638, 0.377885, 357.164, 0.0, 0.302645, 0.32, 14.0120803756, -0.122845973574, 
0.0270080566406, 1.0, 22.0, -2.31638, 0.377885, 357.164, 0.0, 0.302645, 0.32, 14.0120803756, -0.122845973574, 
0.0272064208984, 1.0, 22.0, -2.01514, 0.362871, 356.815, 0.0, 0.362082, 0.32, 14.0120803756, -0.122845973574, 
0.0270843505859, 1.0, 22.0, -2.01514, 0.362871, 356.815, 0.0, 0.362082, 0.32, 14.0120803756, -0.122845973574, 
0.0270462036133, 1.0, 22.0, -2.01514, 0.362871, 356.815, 0.0, 0.362082, 0.32, 14.0120803756, -0.122845973574, 
0.0277786254883, 1.0, 22.0, -2.01514, 0.362871, 356.815, 0.0, 0.362082, 0.32, 14.0120803756, -0.122845973574, 
0.0271148681641, 1.0, 22.0, -2.01514, 0.362871, 356.815, 0.0, 0.362082, 0.32, 14.0120803756, -0.122845973574, 
0.0293731689453, 37.0, -219.0, -2.01514, 0.362871, 356.815, 0.0, 0.0, 0.33, 14.0120803756, -0.122845973574, 
0.0276184082031, 37.0, -219.0, -2.01514, 0.362871, 356.815, 0.0, 0.0, 0.33, 14.0120803756, -0.122845973574, 
0.0262756347656, 37.0, -219.0, -2.01514, 0.362871, 356.815, 0.0, 0.0, 0.33, 14.0120803756, -0.122845973574, 
0.0261001586914, 37.0, -219.0, 2.18501, -2.71294, 356.294, 0.0, 0.372611, 0.33, 14.0120803756, -0.122845973574, 
0.025993347168, 37.0, -219.0, 2.18501, -2.71294, 356.294, 0.0, 0.372611, 0.33, 14.0120803756, -0.122845973574, 
0.0270233154297, 37.0, -219.0, 2.18501, -2.71294, 356.294, 0.0, 0.372611, 0.33, 14.0120803756, -0.122845973574, 
0.0257263183594, 37.0, -219.0, 2.18501, -2.71294, 356.294, 0.0, 0.372611, 0.33, 14.0120803756, -0.122845973574, 
0.0282211303711, 37.0, -219.0, 2.18501, -2.71294, 356.294, 0.0, 0.372611, 0.33, 14.0120803756, -0.122845973574, 
0.0270004272461, 37.0, -219.0, 2.18501, -2.71294, 356.294, 0.0, 0.372611, 0.33, 14.0120803756, -0.122845973574, 
0.0262985229492, 37.0, -219.0, 2.18501, -2.71294, 356.294, 0.0, 0.372611, 0.33, 14.0120803756, -0.122845973574, 
0.0263824462891, 37.0, -219.0, 3.77623, -3.74368, 355.995, 0.0, 0.372611, 0.33, 14.0120803756, -0.122845973574, 
0.0270080566406, 37.0, -219.0, 3.77623, -3.74368, 355.995, 0.0, 0.320449, 0.33, 14.0120803756, -0.122845973574, 
0.0271759033203, 37.0, -219.0, 3.77623, -3.74368, 355.995, 0.0, 0.320449, 0.33, 14.0120803756, -0.122845973574, 
0.0282592773438, 37.0, -219.0, 3.77623, -3.74368, 355.995, 0.0, 0.320449, 0.33, 14.0120803756, -0.122845973574, 
0.0280914306641, 37.0, -219.0, 3.77623, -3.74368, 355.995, 0.0, 0.320449, 0.33, 14.0120803756, -0.122845973574, 
0.0273284912109, 37.0, -219.0, 3.77623, -3.74368, 355.995, 0.0, 0.320449, 0.33, 14.0120803756, -0.122845973574, 
0.027702331543, 37.0, -219.0, 3.77623, -3.74368, 355.995, 0.0, 0.320449, 0.33, 14.0120803756, -0.122845973574, 
0.026985168457, -32.0, 169.0, 3.11532, -3.68318, 356.105, 0.0, 0.320449, 0.32, 14.0120803756, -0.122845973574, 
0.025993347168, -32.0, 169.0, 3.11532, -3.68318, 356.105, 0.0, 0.320449, 0.32, 14.0120803756, -0.122845973574, 
0.031982421875, -32.0, 169.0, 3.11532, -3.68318, 356.105, 0.0, 0.34586, 0.32, 14.0120803756, -0.122845973574, 
0.0266418457031, -32.0, 169.0, 3.11532, -3.68318, 356.105, 0.0, 0.34586, 0.32, 14.0120803756, -0.122845973574, 
0.0278778076172, -32.0, 169.0, 3.11532, -3.68318, 356.105, 0.0, 0.34586, 0.32, 14.0120803756, -0.122845973574, 
0.0239868164063, -32.0, 169.0, 3.11532, -3.68318, 356.105, 0.0, 0.34586, 0.32, 14.0120803756, -0.122845973574, 
0.0260009765625, -32.0, 169.0, 3.11532, -3.68318, 356.105, 0.0, 0.34586, 0.32, 14.0120803756, -0.122845973574, 
0.0279083251953, -32.0, 169.0, 3.11532, -3.68318, 356.105, 0.0, 0.34586, 0.32, 14.0120803756, -0.122845973574, 
0.0266036987305, -32.0, 169.0, 1.20758, 0.117449, 357.330, 0.0, 0.302855, 0.32, 14.0120803756, -0.122845973574, 
0.0276107788086, -32.0, 169.0, 1.20758, 0.117449, 357.330, 0.0, 0.302855, 0.32, 14.0120803756, -0.122845973574, 
0.0279846191406, -32.0, 169.0, 1.20758, 0.117449, 357.330, 0.0, 0.302855, 0.32, 14.0120803756, -0.122845973574, 
0.0250549316406, -32.0, 169.0, 1.20758, 0.117449, 357.330, 0.0, 0.302855, 0.32, 14.0120803756, -0.122845973574, 
0.0266342163086, -32.0, 169.0, 1.20758, 0.117449, 357.330, 0.0, 0.302855, 0.32, 14.0120803756, -0.122845973574, 
0.0279769897461, -32.0, 169.0, 1.20758, 0.117449, 357.330, 0.0, 0.302855, 0.32, 14.0120803756, -0.122845973574, 
0.0255889892578, -32.0, 169.0, 1.20758, 0.117449, 357.330, 0.0, 0.302855, 0.32, 14.0120803756, -0.122845973574, 
0.0268936157227, 80.0, -214.0, 1.20758, 0.117449, 357.330, 0.0, 0.0, 0.3, 14.0120803756, -0.122845973574, 
0.0260620117188, 80.0, -214.0, 1.02950, -2.20949, 357.772, 0.0, 0.326753, 0.3, 14.0120803756, -0.122845973574, 
0.0237884521484, 80.0, -214.0, 1.02950, -2.20949, 357.772, 0.0, 0.326753, 0.3, 14.0120803756, -0.122845973574, 
0.0280380249023, 80.0, -214.0, 1.02950, -2.20949, 357.772, 0.0, 0.326753, 0.3, 14.0120803756, -0.122845973574, 
0.0272369384766, 80.0, -214.0, 1.02950, -2.20949, 357.772, 0.0, 0.326753, 0.3, 14.0120803756, -0.122845973574, 
0.0270004272461, 80.0, -214.0, 1.02950, -2.20949, 357.772, 0.0, 0.326753, 0.3, 14.0120803756, -0.122845973574, 
0.0259857177734, 80.0, -214.0, 1.02950, -2.20949, 357.772, 0.0, 0.326753, 0.3, 14.0120803756, -0.122845973574, 
0.0264663696289, 80.0, -214.0, 1.02950, -2.20949, 357.772, 0.0, 0.326753, 0.3, 14.0120803756, -0.122845973574, 
0.0273208618164, 80.0, -214.0, 1.18834, -3.29687, 357.320, 0.0, 0.326753, 0.3, 14.0120803756, -0.122845973574, 
0.0278930664063, 80.0, -214.0, 1.18834, -3.29687, 357.320, 0.0, 0.366048, 0.3, 14.0120803756, -0.122845973574, 
0.0280456542969, 80.0, -214.0, 1.18834, -3.29687, 357.320, 0.0, 0.366048, 0.3, 14.0120803756, -0.122845973574, 
0.0261001586914, 80.0, -214.0, 1.18834, -3.29687, 357.320, 0.0, 0.366048, 0.3, 14.0120803756, -0.122845973574, 
0.0270767211914, 80.0, -214.0, 1.18834, -3.29687, 357.320, 0.0, 0.366048, 0.3, 14.0120803756, -0.122845973574, 
0.0263061523438, 80.0, -214.0, 1.18834, -3.29687, 357.320, 0.0, 0.366048, 0.3, 14.0120803756, -0.122845973574, 
0.0262908935547, 80.0, -214.0, 1.18834, -3.29687, 357.320, 0.0, 0.366048, 0.3, 14.0120803756, -0.122845973574, 
0.0239868164063, 80.0, -214.0, 0.766875, -2.90950, 356.950, 0.0, 0.366048, 0.3, 14.0120803756, -0.122845973574, 
0.0274810791016, 79.0, 99.0, 0.766875, -2.90950, 356.950, 0.0, 0.436202, 0.27, 14.0120803756, -0.122845973574, 
0.0257949829102, 79.0, 99.0, 0.766875, -2.90950, 356.950, 0.0, 0.436202, 0.27, 14.0120803756, -0.122845973574, 
0.0254821777344, 79.0, 99.0, 0.766875, -2.90950, 356.950, 0.0, 0.436202, 0.27, 14.0120803756, -0.122845973574, 
0.0272674560547, 79.0, 99.0, 0.766875, -2.90950, 356.950, 0.0, 0.436202, 0.27, 14.0120803756, -0.122845973574, 
0.0259246826172, 79.0, 99.0, 0.766875, -2.90950, 356.950, 0.0, 0.436202, 0.27, 14.0120803756, -0.122845973574, 
0.0389938354492, 79.0, 99.0, 0.766875, -2.90950, 356.950, 0.0, 0.436202, 0.27, 14.0120803756, -0.122845973574, 
0.0271606445313, 79.0, 99.0, 0.521631, -2.08208, 357.301, 0.0, 0.436202, 0.27, 14.0120803756, -0.122845973574, 
0.0276107788086, 79.0, 99.0, 0.521631, -2.08208, 357.301, 0.0, 0.450114, 0.27, 14.0120803756, -0.122845973574, 
0.0281295776367, 79.0, 99.0, 0.521631, -2.08208, 357.301, 0.0, 0.450114, 0.27, 14.0120803756, -0.122845973574, 
0.0261764526367, 79.0, 99.0, 0.521631, -2.08208, 357.301, 0.0, 0.450114, 0.27, 14.0120803756, -0.122845973574, 
0.0270385742188, 79.0, 99.0, 0.521631, -2.08208, 357.301, 0.0, 0.450114, 0.27, 14.0120803756, -0.122845973574, 
0.026008605957, 79.0, 99.0, 0.521631, -2.08208, 357.301, 0.0, 0.450114, 0.27, 14.0120803756, -0.122845973574, 
0.0261383056641, 79.0, 99.0, 0.521631, -2.08208, 357.301, 0.0, 0.450114, 0.27, 14.0120803756, -0.122845973574, 
0.0281066894531, 79.0, 99.0, 0.521631, -2.08208, 357.301, 0.0, 0.450114, 0.27, 14.0120803756, -0.122845973574, 
0.0280456542969, 79.0, 99.0, -0.067103, -1.73242, 357.640, 0.0, 0.482432, 0.27, 14.0120803756, -0.122845973574, 
0.0273590087891, 79.0, 99.0, -0.067103, -1.73242, 357.640, 0.0, 0.482432, 0.27, 14.0120803756, -0.122845973574, 
0.0259323120117, -29.0, 341.0, -0.067103, -1.73242, 357.640, 0.0, 0.482432, 0.27, 14.0120803756, -0.122845973574, 
0.0260238647461, -29.0, 341.0, -0.067103, -1.73242, 357.640, 0.0, 0.482432, 0.27, 14.0120803756, -0.122845973574, 
0.0273971557617, -29.0, 341.0, -0.067103, -1.73242, 357.640, 0.0, 0.482432, 0.27, 14.0120803756, -0.122845973574, 
0.0270462036133, -29.0, 341.0, -0.067103, -1.73242, 357.640, 0.0, 0.482432, 0.27, 14.0120803756, -0.122845973574, 
0.0249862670898, -29.0, 341.0, -0.067103, -1.73242, 357.640, 0.0, 0.482432, 0.27, 14.0120803756, -0.122845973574, 
0.0269927978516, -29.0, 341.0, -0.067103, -1.73242, 357.640, 0.0, 0.482432, 0.27, 14.0120803756, -0.122845973574, 
0.0267868041992, -29.0, 341.0, 0.55641, -1.37230, 356.117, 0.0, 0.447727, 0.27, 14.0120803756, -0.122845973574, 
0.0268096923828, -29.0, 341.0, 0.55641, -1.37230, 356.117, 0.0, 0.447727, 0.27, 14.0120803756, -0.122845973574, 
0.0269775390625, -29.0, 341.0, 0.55641, -1.37230, 356.117, 0.0, 0.447727, 0.27, 14.0120803756, -0.122845973574, 
0.0411987304688, -29.0, 341.0, 0.55641, -1.37230, 356.117, 0.0, 0.447727, 0.27, 14.0120803756, -0.122845973574, 
0.0258331298828, -29.0, 341.0, 0.55641, -1.37230, 356.117, 0.0, 0.447727, 0.27, 14.0120803756, -0.122845973574, 
0.026008605957, -29.0, 341.0, 0.55641, -1.37230, 356.117, 0.0, 0.447727, 0.27, 14.0120803756, -0.122845973574, 
0.0265426635742, -29.0, 341.0, 0.55641, -1.37230, 356.117, 0.0, 0.447727, 0.27, 14.0120803756, -0.122845973574, 
0.0258102416992, -29.0, 341.0, -0.995954, -0.261398, 353.148, 0.0, 0.447727, 0.27, 14.0120803756, -0.122845973574, 
0.0271224975586, -3.0, -39.0, -0.995954, -0.261398, 353.148, 0.0, 0.433321, 0.26, 14.0120803756, -0.122845973574, 
0.0267639160156, -3.0, -39.0, -0.995954, -0.261398, 353.148, 0.0, 0.433321, 0.26, 14.0120803756, -0.122845973574, 
0.0273132324219, -3.0, -39.0, -0.995954, -0.261398, 353.148, 0.0, 0.433321, 0.26, 14.0120803756, -0.122845973574, 
0.028450012207, -3.0, -39.0, -0.995954, -0.261398, 353.148, 0.0, 0.433321, 0.26, 14.0120803756, -0.122845973574, 
0.0376281738281, -3.0, -39.0, -0.995954, -0.261398, 353.148, 0.0, 0.433321, 0.26, 14.0120803756, -0.122845973574, 
0.0260238647461, -3.0, -39.0, -0.995954, -0.261398, 353.148, 0.0, 0.433321, 0.26, 14.0120803756, -0.122845973574, 
0.0266418457031, -3.0, -39.0, -4.53924, 1.84645, 350.909, 0.0, 0.433321, 0.26, 14.0120803756, -0.122845973574, 
0.0260009765625, -3.0, -39.0, -4.53924, 1.84645, 350.909, 0.0, 0.375272, 0.26, 14.0120803756, -0.122845973574, 
0.0434951782227, -3.0, -39.0, -4.53924, 1.84645, 350.909, 0.0, 0.375272, 0.26, 14.0120803756, -0.122845973574, 
0.025276184082, -3.0, -39.0, -4.53924, 1.84645, 350.909, 0.0, 0.375272, 0.26, 14.0120803756, -0.122845973574, 
0.0267486572266, -3.0, -39.0, -4.53924, 1.84645, 350.909, 0.0, 0.375272, 0.26, 14.0120803756, -0.122845973574, 
0.0250091552734, -3.0, -39.0, -4.53924, 1.84645, 350.909, 0.0, 0.375272, 0.26, 14.0120803756, -0.122845973574, 
0.0270614624023, -3.0, -39.0, -4.53924, 1.84645, 350.909, 0.0, 0.375272, 0.26, 14.0120803756, -0.122845973574, 
0.0257949829102, -3.0, -39.0, -4.27778, 2.28234, 350.761, 0.0, 0.375272, 0.26, 14.0120803756, -0.122845973574, 
0.0269165039063, -3.0, -39.0, -4.27778, 2.28234, 350.761, 0.0, 0.401015, 0.26, 14.0120803756, -0.122845973574, 
0.0260620117188, 41.0, -170.0, -4.27778, 2.28234, 350.761, 0.0, 0.401015, 0.28, 14.0120803756, -0.122845973574, 
0.0269470214844, 41.0, -170.0, -4.27778, 2.28234, 350.761, 0.0, 0.401015, 0.28, 14.0120803756, -0.122845973574, 
0.0380706787109, 41.0, -170.0, -4.27778, 2.28234, 350.761, 0.0, 0.401015, 0.28, 14.0120803756, -0.122845973574, 
0.0270004272461, 41.0, -170.0, -4.27778, 2.28234, 350.761, 0.0, 0.401015, 0.28, 14.0120803756, -0.122845973574, 
0.0259552001953, 41.0, -170.0, -4.27778, 2.28234, 350.761, 0.0, 0.401015, 0.28, 14.0120803756, -0.122845973574, 
0.0255432128906, 41.0, -170.0, -4.27778, 2.28234, 350.761, 0.0, 0.401015, 0.28, 14.0120803756, -0.122845973574, 
0.0270080566406, 41.0, -170.0, -2.97844, 2.70811, 351.169, 0.0, 0.527824, 0.28, 14.0120803756, -0.122845973574, 
0.0289993286133, 41.0, -170.0, -2.97844, 2.70811, 351.169, 0.0, 0.527824, 0.28, 14.0120803756, -0.122845973574, 
0.0254211425781, 41.0, -170.0, -2.97844, 2.70811, 351.169, 0.0, 0.527824, 0.28, 14.0120803756, -0.122845973574, 
0.0260543823242, 41.0, -170.0, -2.97844, 2.70811, 351.169, 0.0, 0.527824, 0.28, 14.0120803756, -0.122845973574, 
0.0255508422852, 41.0, -170.0, -2.97844, 2.70811, 351.169, 0.0, 0.527824, 0.28, 14.0120803756, -0.122845973574, 
0.0249328613281, 41.0, -170.0, -2.97844, 2.70811, 351.169, 0.0, 0.527824, 0.28, 14.0120803756, -0.122845973574, 
0.0261077880859, 41.0, -170.0, -2.97844, 2.70811, 351.169, 0.0, 0.527824, 0.28, 14.0120803756, -0.122845973574, 
0.0264129638672, 41.0, -170.0, 1.68706, 1.61827, 351.837, 0.0, 0.596758, 0.28, 14.0120803756, -0.122845973574, 
0.027946472168, 41.0, -170.0, 1.68706, 1.61827, 351.837, 0.0, 0.596758, 0.28, 14.0120803756, -0.122845973574, 
0.0279235839844, 44.0, 162.0, 1.68706, 1.61827, 351.837, 0.0, 0.0, 0.29, 14.0120803756, -0.122845973574, 
0.0270767211914, 44.0, 162.0, 1.68706, 1.61827, 351.837, 0.0, 0.0, 0.29, 14.0120803756, -0.122845973574, 
0.0240631103516, 44.0, 162.0, 1.68706, 1.61827, 351.837, 0.0, 0.0, 0.29, 14.0120803756, -0.122845973574, 
0.0253067016602, 44.0, 162.0, 1.68706, 1.61827, 351.837, 0.0, 0.0, 0.29, 14.0120803756, -0.122845973574, 
0.0260009765625, 44.0, 162.0, 1.68706, 1.61827, 351.837, 0.0, 0.0, 0.29, 14.0120803756, -0.122845973574, 
0.025993347168, 44.0, 162.0, 0.961518, 1.42990, 353.652, 0.0, 0.566462, 0.29, 14.0120803756, -0.122845973574, 
0.0260467529297, 44.0, 162.0, 0.961518, 1.42990, 353.652, 0.0, 0.566462, 0.29, 14.0120803756, -0.122845973574, 
0.0270080566406, 44.0, 162.0, 0.961518, 1.42990, 353.652, 0.0, 0.566462, 0.29, 14.0120803756, -0.122845973574, 
0.0270080566406, 44.0, 162.0, 0.961518, 1.42990, 353.652, 0.0, 0.566462, 0.29, 14.0120803756, -0.122845973574, 
0.025993347168, 44.0, 162.0, 0.961518, 1.42990, 353.652, 0.0, 0.566462, 0.29, 14.0120803756, -0.122845973574, 
0.0260009765625, 44.0, 162.0, 0.961518, 1.42990, 353.652, 0.0, 0.566462, 0.29, 14.0120803756, -0.122845973574, 
0.0280532836914, 44.0, 162.0, 0.961518, 1.42990, 353.652, 0.0, 0.566462, 0.29, 14.0120803756, -0.122845973574, 
0.025993347168, 44.0, 162.0, 0.961518, 1.42990, 353.652, 0.0, 0.566462, 0.29, 14.0120803756, -0.122845973574, 
0.0270233154297, 44.0, 162.0, -0.393207, -0.624867, 355.681, 0.0, 0.579914, 0.29, 14.0120803756, -0.122845973574, 
0.0260620117188, 44.0, 162.0, -0.393207, -0.624867, 355.681, 0.0, 0.579914, 0.29, 14.0120803756, -0.122845973574, 
0.0280075073242, 44.0, 162.0, -0.393207, -0.624867, 355.681, 0.0, 0.579914, 0.29, 14.0120803756, -0.122845973574, 
0.026252746582, -11.0, -39.0, -0.393207, -0.624867, 355.681, 0.0, 0.579914, 0.28, 14.0120803756, -0.122845973574, 
0.0251541137695, -11.0, -39.0, -0.393207, -0.624867, 355.681, 0.0, 0.579914, 0.28, 14.0120803756, -0.122845973574, 
0.027099609375, -11.0, -39.0, -0.393207, -0.624867, 355.681, 0.0, 0.579914, 0.28, 14.0120803756, -0.122845973574, 
0.0280609130859, -11.0, -39.0, -0.393207, -0.624867, 355.681, 0.0, 0.579914, 0.28, 14.0120803756, -0.122845973574, 
0.0280609130859, -11.0, -39.0, 0.654749, -1.28071, 357.252, 0.0, 0.579914, 0.28, 14.0120803756, -0.122845973574, 
0.025993347168, -11.0, -39.0, 0.654749, -1.28071, 357.252, 0.0, 0.546375, 0.28, 14.0120803756, -0.122845973574, 
0.0239639282227, -11.0, -39.0, 0.654749, -1.28071, 357.252, 0.0, 0.546375, 0.28, 14.0120803756, -0.122845973574, 
0.023567199707, -11.0, -39.0, 0.654749, -1.28071, 357.252, 0.0, 0.546375, 0.28, 14.0120803756, -0.122845973574, 
0.0259780883789, -11.0, -39.0, 0.654749, -1.28071, 357.252, 0.0, 0.546375, 0.28, 14.0120803756, -0.122845973574, 
0.0249328613281, -11.0, -39.0, 0.654749, -1.28071, 357.252, 0.0, 0.546375, 0.28, 14.0120803756, -0.122845973574, 
0.0264205932617, -11.0, -39.0, 0.654749, -1.28071, 357.252, 0.0, 0.546375, 0.28, 14.0120803756, -0.122845973574, 
0.0265884399414, -11.0, -39.0, 0.654749, -1.28071, 357.252, 0.0, 0.546375, 0.28, 14.0120803756, -0.122845973574, 
0.0258636474609, -11.0, -39.0, 1.41443, -1.62505, 359.361, 0.0, 0.546375, 0.28, 14.0120803756, -0.122845973574, 
0.0252380371094, -11.0, -39.0, 1.41443, -1.62505, 359.361, 0.0, 0.463834, 0.28, 14.0120803756, -0.122845973574, 
0.0250244140625, -11.0, -39.0, 1.41443, -1.62505, 359.361, 0.0, 0.463834, 0.28, 14.0120803756, -0.122845973574, 
0.0259475708008, -11.0, -39.0, 1.41443, -1.62505, 359.361, 0.0, 0.463834, 0.28, 14.0120803756, -0.122845973574, 
0.0241165161133, 83.0, -311.0, 1.41443, -1.62505, 359.361, 0.0, 0.0, 0.27, 14.0120803756, -0.122845973574, 
0.0260467529297, 83.0, -311.0, 1.41443, -1.62505, 359.361, 0.0, 0.0, 0.27, 14.0120803756, -0.122845973574, 
0.0255355834961, 83.0, -311.0, 1.41443, -1.62505, 359.361, 0.0, 0.0, 0.27, 14.0120803756, -0.122845973574, 
0.027458190918, 83.0, -311.0, 1.41443, -1.62505, 359.361, 0.0, 0.0, 0.27, 14.0120803756, -0.122845973574, 
0.0264282226563, 83.0, -311.0, 0.900653, -1.11402, 0.0970864, 0.0, 0.409651, 0.27, 14.0120803756, -0.122845973574, 
0.0270385742188, 83.0, -311.0, 0.900653, -1.11402, 0.0970864, 0.0, 0.409651, 0.27, 14.0120803756, -0.122845973574, 
0.0255737304688, 83.0, -311.0, 0.900653, -1.11402, 0.0970864, 0.0, 0.409651, 0.27, 14.0120803756, -0.122845973574, 
0.0262145996094, 83.0, -311.0, 0.900653, -1.11402, 0.0970864, 0.0, 0.409651, 0.27, 14.0120803756, -0.122845973574, 
0.0261764526367, 83.0, -311.0, 0.900653, -1.11402, 0.0970864, 0.0, 0.409651, 0.27, 14.0120803756, -0.122845973574, 
0.0272369384766, 83.0, -311.0, 0.900653, -1.11402, 0.0970864, 0.0, 0.409651, 0.27, 14.0120803756, -0.122845973574, 
0.0239868164063, 83.0, -311.0, 0.900653, -1.11402, 0.0970864, 0.0, 0.409651, 0.27, 14.0120803756, -0.122845973574, 
0.0273895263672, 83.0, -311.0, 1.58919, 1.87582, 0.610096, 0.0, 0.409651, 0.27, 14.0120803756, -0.122845973574, 
0.0258712768555, 83.0, -311.0, 1.58919, 1.87582, 0.610096, 0.0, 0.39962, 0.27, 14.0120803756, -0.122845973574, 
0.0260467529297, 83.0, -311.0, 1.58919, 1.87582, 0.610096, 0.0, 0.39962, 0.27, 14.0120803756, -0.122845973574, 
0.0269927978516, 83.0, -311.0, 1.58919, 1.87582, 0.610096, 0.0, 0.39962, 0.27, 14.0120803756, -0.122845973574, 
0.026252746582, 83.0, -311.0, 1.58919, 1.87582, 0.610096, 0.0, 0.39962, 0.27, 14.0120803756, -0.122845973574, 
0.0273361206055, -43.0, 134.0, 1.58919, 1.87582, 0.610096, 0.0, 0.39962, 0.28, 14.0120803756, -0.122845973574, 
0.0248565673828, -43.0, 134.0, 1.58919, 1.87582, 0.610096, 0.0, 0.39962, 0.28, 14.0120803756, -0.122845973574, 
0.0268249511719, -43.0, 134.0, 1.58919, 1.87582, 0.610096, 0.0, 0.39962, 0.28, 14.0120803756, -0.122845973574, 
0.0260772705078, -43.0, 134.0, 1.58919, 1.87582, 0.610096, 0.0, 0.39962, 0.28, 14.0120803756, -0.122845973574, 
0.0239105224609, -43.0, 134.0, 1.73751, 2.90549, 359.558, 0.0, 0.447701, 0.28, 14.0120803756, -0.122845973574, 
0.0263290405273, -43.0, 134.0, 1.73751, 2.90549, 359.558, 0.0, 0.447701, 0.28, 14.0120803756, -0.122845973574, 
0.0229034423828, -43.0, 134.0, 1.73751, 2.90549, 359.558, 0.0, 0.447701, 0.28, 14.0120803756, -0.122845973574, 
0.0268936157227, -43.0, 134.0, 1.73751, 2.90549, 359.558, 0.0, 0.447701, 0.28, 14.0120803756, -0.122845973574, 
0.0276870727539, -43.0, 134.0, 1.73751, 2.90549, 359.558, 0.0, 0.447701, 0.28, 14.0120803756, -0.122845973574, 
0.0259704589844, -43.0, 134.0, 1.73751, 2.90549, 359.558, 0.0, 0.447701, 0.28, 14.0120803756, -0.122845973574, 
0.0259170532227, -43.0, 134.0, 1.73751, 2.90549, 359.558, 0.0, 0.447701, 0.28, 14.0120803756, -0.122845973574, 
0.0253295898438, -43.0, 134.0, 2.2043, 3.03292, 357.031, 0.0, 0.447701, 0.28, 14.0120803756, -0.122845973574, 
0.0250701904297, -43.0, 134.0, 2.2043, 3.03292, 357.031, 0.0, 0.447701, 0.28, 14.0120803756, -0.122845973574, 
0.0230407714844, -43.0, 134.0, 2.2043, 3.03292, 357.031, 0.0, 0.505953, 0.28, 14.0120803756, -0.122845973574, 
0.0239639282227, -43.0, 134.0, 2.2043, 3.03292, 357.031, 0.0, 0.505953, 0.28, 14.0120803756, -0.122845973574, 
0.0260391235352, -43.0, 134.0, 2.2043, 3.03292, 357.031, 0.0, 0.0, 0.28, 14.0120803756, -0.122845973574, 
0.0250244140625, -23.0, -158.0, 2.2043, 3.03292, 357.031, 0.0, 0.0, 0.28, 14.0120803756, -0.122845973574, 
0.0270080566406, -23.0, -158.0, 2.2043, 3.03292, 357.031, 0.0, 0.0, 0.28, 14.0120803756, -0.122845973574, 
0.0254211425781, -23.0, -158.0, 2.2043, 3.03292, 357.031, 0.0, 0.0, 0.28, 14.0120803756, -0.122845973574, 
0.0265655517578, -23.0, -158.0, 1.55398, 2.90615, 356.437, 0.0, 0.656011, 0.28, 14.0120803756, -0.122845973574, 
0.0274353027344, -23.0, -158.0, 1.55398, 2.90615, 356.437, 0.0, 0.656011, 0.28, 14.0120803756, -0.122845973574, 
0.0253143310547, -23.0, -158.0, 1.55398, 2.90615, 356.437, 0.0, 0.656011, 0.28, 14.0120803756, -0.122845973574, 
0.0232238769531, -23.0, -158.0, 1.55398, 2.90615, 356.437, 0.0, 0.656011, 0.28, 14.0120803756, -0.122845973574, 
0.0369873046875, -23.0, -158.0, 1.55398, 2.90615, 356.437, 0.0, 0.656011, 0.28, 14.0120803756, -0.122845973574, 
0.0256271362305, -23.0, -158.0, 1.55398, 2.90615, 356.437, 0.0, 0.656011, 0.28, 14.0120803756, -0.122845973574, 
0.0264053344727, -23.0, -158.0, 1.55398, 2.90615, 356.437, 0.0, 0.656011, 0.28, 14.0120803756, -0.122845973574, 
0.026008605957, -23.0, -158.0, 1.55398, 2.90615, 356.437, 0.0, 0.656011, 0.28, 14.0120803756, -0.122845973574, 
0.0253219604492, -23.0, -158.0, -0.0250905, 1.94434, 3.28983, 0.0, 0.714385, 0.28, 14.0120803756, -0.122845973574, 
0.0236892700195, -23.0, -158.0, -0.0250905, 1.94434, 3.28983, 0.0, 0.714385, 0.28, 14.0120803756, -0.122845973574, 
0.0416107177734, -23.0, -158.0, -0.0250905, 1.94434, 3.28983, 0.0, 0.714385, 0.28, 14.0120803756, -0.122845973574, 
0.0258941650391, -23.0, -158.0, -0.0250905, 1.94434, 3.28983, 0.0, 0.714385, 0.28, 14.0120803756, -0.122845973574, 
0.0260620117188, -3.0, 243.0, -0.0250905, 1.94434, 3.28983, 0.0, 0.714385, 0.28, 14.0120803756, -0.122845973574, 
0.0250473022461, -3.0, 243.0, -0.0250905, 1.94434, 3.28983, 0.0, 0.714385, 0.28, 14.0120803756, -0.122845973574, 
0.0270767211914, -3.0, 243.0, 2.39097, 1.58268, 5.49410, 0.0, 0.714385, 0.28, 14.0120803756, -0.122845973574, 
0.0261154174805, -3.0, 243.0, 2.39097, 1.58268, 5.49410, 0.0, 0.765717, 0.28, 14.0120803756, -0.122845973574, 
0.0231628417969, -3.0, 243.0, 2.39097, 1.58268, 5.49410, 0.0, 0.765717, 0.28, 14.0120803756, -0.122845973574, 
0.0250625610352, -3.0, 243.0, 2.39097, 1.58268, 5.49410, 0.0, 0.765717, 0.28, 14.0120803756, -0.122845973574, 
0.0260238647461, -3.0, 243.0, 2.39097, 1.58268, 5.49410, 0.0, 0.765717, 0.28, 14.0120803756, -0.122845973574, 
0.026237487793, -3.0, 243.0, 2.39097, 1.58268, 5.49410, 0.0, 0.765717, 0.28, 14.0120803756, -0.122845973574, 
0.0271377563477, -3.0, 243.0, 2.39097, 1.58268, 5.49410, 0.0, 0.765717, 0.28, 14.0120803756, -0.122845973574, 
0.0265121459961, -3.0, 243.0, 4.4869, 2.08014, 359.804, 0.0, 0.765717, 0.28, 14.0120803756, -0.122845973574, 
0.0250625610352, -3.0, 243.0, 4.4869, 2.08014, 359.804, 0.0, 0.84092, 0.28, 14.0120803756, -0.122845973574, 
0.0250549316406, -3.0, 243.0, 4.4869, 2.08014, 359.804, 0.0, 0.84092, 0.28, 14.0120803756, -0.122845973574, 
0.0407104492188, -3.0, 243.0, 4.4869, 2.08014, 359.804, 0.0, 0.84092, 0.28, 14.0120803756, -0.122845973574, 
0.0256576538086, -3.0, 243.0, 4.4869, 2.08014, 359.804, 0.0, 0.84092, 0.28, 14.0120803756, -0.122845973574, 
0.0260009765625, -3.0, 243.0, 4.4869, 2.08014, 359.804, 0.0, 0.84092, 0.28, 14.0120803756, -0.122845973574, 
0.0226974487305, -1.0, 40.0, 4.4869, 2.08014, 359.804, 0.0, 0.84092, 0.28, 14.0120803756, -0.122845973574, 
0.0260314941406, -1.0, 40.0, 4.4869, 2.08014, 359.804, 0.0, 0.84092, 0.28, 14.0120803756, -0.122845973574, 
0.0260391235352, -1.0, 40.0, 1.48677, 2.26581, 356.412, 0.0, 0.937379, 0.3, 14.0120803756, -0.122845973574, 
0.0264434814453, -1.0, 40.0, 1.48677, 2.26581, 356.412, 0.0, 0.937379, 0.3, 14.0120803756, -0.122845973574, 
0.0259170532227, -1.0, 40.0, 1.48677, 2.26581, 356.412, 0.0, 0.937379, 0.3, 14.0120803756, -0.122845973574, 
0.0251388549805, -1.0, 40.0, 1.48677, 2.26581, 356.412, 0.0, 0.937379, 0.3, 14.0120803756, -0.122845973574, 
0.0243988037109, -1.0, 40.0, 1.48677, 2.26581, 356.412, 0.0, 0.937379, 0.3, 14.0120803756, -0.122845973574, 
0.0260696411133, -1.0, 40.0, 1.48677, 2.26581, 356.412, 0.0, 0.937379, 0.3, 14.0120803756, -0.122845973574, 
0.0247268676758, -1.0, 40.0, 1.48677, 2.26581, 356.412, 0.0, 0.937379, 0.3, 14.0120803756, -0.122845973574, 
0.026008605957, -1.0, 40.0, -1.20629, 2.89554, 356.099, 0.0, 0.937379, 0.3, 14.0120803756, -0.122845973574, 
0.0371856689453, -1.0, 40.0, -1.20629, 2.89554, 356.099, 0.0, 1.01890, 0.3, 14.0120803756, -0.122845973574, 
0.029296875, -1.0, 40.0, -1.20629, 2.89554, 356.099, 0.0, 1.01890, 0.3, 14.0120803756, -0.122845973574, 
0.0252532958984, -1.0, 40.0, -1.20629, 2.89554, 356.099, 0.0, 1.01890, 0.3, 14.0120803756, -0.122845973574, 
0.0251922607422, -1.0, 40.0, -1.20629, 2.89554, 356.099, 0.0, 1.01890, 0.3, 14.0120803756, -0.122845973574, 
0.0269393920898, -1.0, 40.0, -1.20629, 2.89554, 356.099, 0.0, 1.01890, 0.3, 14.0120803756, -0.122845973574, 
0.026123046875, 59.0, -89.0, -1.20629, 2.89554, 356.099, 0.0, 0.0, 0.3, 14.0120803756, -0.122845973574, 
0.026008605957, 59.0, -89.0, -1.94123, 3.16431, 357.590, 0.0, 0.0, 0.3, 14.0120803756, -0.122845973574, 
0.0230026245117, 59.0, -89.0, -1.94123, 3.16431, 357.590, 0.0, 1.05465, 0.3, 14.0120803756, -0.122845973574, 
0.026008605957, 59.0, -89.0, -1.94123, 3.16431, 357.590, 0.0, 1.05465, 0.3, 14.0120803756, -0.122845973574, 
0.0249938964844, 59.0, -89.0, -1.94123, 3.16431, 357.590, 0.0, 1.05465, 0.3, 14.0120803756, -0.122845973574, 
0.0261611938477, 59.0, -89.0, -1.94123, 3.16431, 357.590, 0.0, 1.05465, 0.3, 14.0120803756, -0.122845973574, 
0.0259399414063, 59.0, -89.0, -1.94123, 3.16431, 357.590, 0.0, 1.05465, 0.3, 14.0120803756, -0.122845973574, 
0.0374374389648, 59.0, -89.0, -1.94123, 3.16431, 357.590, 0.0, 1.05465, 0.3, 14.0120803756, -0.122845973574, 
0.0250549316406, 59.0, -89.0, -1.24380, 2.86100, 358.875, 0.0, 1.05465, 0.3, 14.0120803756, -0.122845973574, 
0.0390167236328, 59.0, -89.0, -1.24380, 2.86100, 358.875, 0.0, 1.13485, 0.3, 14.0120803756, -0.122845973574, 
0.0249862670898, 59.0, -89.0, -1.24380, 2.86100, 358.875, 0.0, 1.13485, 0.3, 14.0120803756, -0.122845973574, 
0.0253143310547, 59.0, -89.0, -1.24380, 2.86100, 358.875, 0.0, 1.13485, 0.3, 14.0120803756, -0.122845973574, 
0.0240020751953, 59.0, -89.0, -1.24380, 2.86100, 358.875, 0.0, 1.13485, 0.3, 14.0120803756, -0.122845973574, 
0.024658203125, 59.0, -89.0, -1.24380, 2.86100, 358.875, 0.0, 1.13485, 0.3, 14.0120803756, -0.122845973574, 
0.0255279541016, 59.0, -89.0, -1.24380, 2.86100, 358.875, 0.0, 1.13485, 0.3, 14.0120803756, -0.122845973574, 
0.0244903564453, 59.0, -89.0, -1.24380, 2.86100, 358.875, 0.0, 1.13485, 0.3, 14.0120803756, -0.122845973574, 
0.0250244140625, -30.0, 283.0, 0.270978, 3.22625, 358.822, 0.0, 1.21461, 0.3, 14.0120803756, -0.122845973574, 
0.0367813110352, -30.0, 283.0, 0.270978, 3.22625, 358.822, 0.0, 1.21461, 0.3, 14.0120803756, -0.122845973574, 
0.0400009155273, -30.0, 283.0, 0.270978, 3.22625, 358.822, 0.0, 1.21461, 0.3, 14.0120803756, -0.122845973574, 
0.0369491577148, -30.0, 283.0, 0.270978, 3.22625, 358.822, 0.0, 1.21461, 0.3, 14.0120803756, -0.122845973574, 
0.02490234375, -30.0, 283.0, 0.270978, 3.22625, 358.822, 0.0, 1.21461, 0.3, 14.0120803756, -0.122845973574, 
0.0230026245117, -30.0, 283.0, 0.270978, 3.22625, 358.822, 0.0, 1.21461, 0.3, 14.0120803756, -0.122845973574, 
0.0279922485352, -30.0, 283.0, 0.639478, 3.16835, 358.040, 0.0, 1.21461, 0.3, 14.0120803756, -0.122845973574, 
0.0249938964844, -30.0, 283.0, 0.639478, 3.16835, 358.040, 0.0, 1.28546, 0.3, 14.0120803756, -0.122845973574, 
0.0255737304688, -30.0, 283.0, 0.639478, 3.16835, 358.040, 0.0, 1.28546, 0.3, 14.0120803756, -0.122845973574, 
0.0259399414063, -30.0, 283.0, 0.639478, 3.16835, 358.040, 0.0, 1.28546, 0.3, 14.0120803756, -0.122845973574, 
0.0259246826172, -30.0, 283.0, 0.639478, 3.16835, 358.040, 0.0, 1.28546, 0.3, 14.0120803756, -0.122845973574, 
0.025634765625, -30.0, 283.0, 0.639478, 3.16835, 358.040, 0.0, 1.28546, 0.3, 14.0120803756, -0.122845973574, 
0.0255126953125, -30.0, 283.0, 0.639478, 3.16835, 358.040, 0.0, 1.28546, 0.3, 14.0120803756, -0.122845973574, 
0.0255279541016, 51.0, -64.0, 1.29227, 2.82227, 357.283, 0.0, 1.33200, 0.3, 14.0120803756, -0.122845973574, 
0.02685546875, 51.0, -64.0, 1.29227, 2.82227, 357.283, 0.0, 1.33200, 0.3, 14.0120803756, -0.122845973574, 
0.0249176025391, 51.0, -64.0, 1.29227, 2.82227, 357.283, 0.0, 1.33200, 0.3, 14.0120803756, -0.122845973574, 
0.0263900756836, 51.0, -64.0, 1.29227, 2.82227, 357.283, 0.0, 1.33200, 0.3, 14.0120803756, -0.122845973574, 
0.026969909668, 51.0, -64.0, 1.29227, 2.82227, 357.283, 0.0, 1.33200, 0.3, 14.0120803756, -0.122845973574, 
0.0252456665039, 51.0, -64.0, 1.29227, 2.82227, 357.283, 0.0, 1.33200, 0.3, 14.0120803756, -0.122845973574, 
0.0390014648438, 51.0, -64.0, 1.29227, 2.82227, 357.283, 0.0, 1.33200, 0.3, 14.0120803756, -0.122845973574, 
0.0369873046875, 51.0, -64.0, 1.05753, -1.94469, 357.107, 0.0, 1.26362, 0.3, 14.0120803756, -0.122845973574, 
0.0250473022461, 51.0, -64.0, 1.05753, -1.94469, 357.107, 0.0, 1.26362, 0.3, 14.0120803756, -0.122845973574, 
0.0259475708008, 51.0, -64.0, 1.05753, -1.94469, 357.107, 0.0, 1.26362, 0.3, 14.0120803756, -0.122845973574, 
0.02392578125, 51.0, -64.0, 1.05753, -1.94469, 357.107, 0.0, 1.26362, 0.3, 14.0120803756, -0.122845973574, 
0.0239944458008, 51.0, -64.0, 1.05753, -1.94469, 357.107, 0.0, 1.26362, 0.3, 14.0120803756, -0.122845973574, 
0.0390243530273, 51.0, -64.0, 1.05753, -1.94469, 357.107, 0.0, 1.26362, 0.3, 14.0120803756, -0.122845973574, 
0.0239181518555, 51.0, -64.0, 1.05753, -1.94469, 357.107, 0.0, 1.26362, 0.3, 14.0120803756, -0.122845973574, 
0.0246505737305, 82.0, -46.0, 0.817775, 1.18002, 357.586, 0.0, 1.20592, 0.3, 14.0120803756, -0.122845973574, 
0.0243606567383, 82.0, -46.0, 0.817775, 1.18002, 357.586, 0.0, 1.20592, 0.3, 14.0120803756, -0.122845973574, 
0.0396423339844, 82.0, -46.0, 0.817775, 1.18002, 357.586, 0.0, 1.20592, 0.3, 14.0120803756, -0.122845973574, 
0.0249557495117, 82.0, -46.0, 0.817775, 1.18002, 357.586, 0.0, 1.20592, 0.3, 14.0120803756, -0.122845973574, 
0.0246429443359, 82.0, -46.0, 0.817775, 1.18002, 357.586, 0.0, 1.20592, 0.3, 14.0120803756, -0.122845973574, 
0.0390548706055, 82.0, -46.0, 0.817775, 1.18002, 357.586, 0.0, 1.20592, 0.3, 14.0120803756, -0.122845973574, 
0.0392837524414, 82.0, -46.0, 1.08110, 1.58013, 358.405, 0.0, 1.20592, 0.3, 14.0120803756, -0.122845973574, 
0.0244750976563, 82.0, -46.0, 1.08110, 1.58013, 358.405, 0.0, 1.18887, 0.3, 14.0120803756, -0.122845973574, 
0.0362014770508, 82.0, -46.0, 1.08110, 1.58013, 358.405, 0.0, 1.18887, 0.3, 14.0120803756, -0.122845973574, 
0.0409698486328, 82.0, -46.0, 1.08110, 1.58013, 358.405, 0.0, 1.18887, 0.3, 14.0120803756, -0.122845973574, 
0.0234985351563, 82.0, -46.0, 1.08110, 1.58013, 358.405, 0.0, 1.18887, 0.3, 14.0120803756, -0.122845973574, 
0.0258865356445, 82.0, -46.0, 1.08110, 1.58013, 358.405, 0.0, 1.18887, 0.3, 14.0120803756, -0.122845973574, 
0.0385665893555, 82.0, -46.0, 0.20337, 1.27065, 359.619, 0.0, 1.18887, 0.3, 14.0120803756, -0.122845973574, 
0.0342788696289, 12.0, -140.0, 0.20337, 1.27065, 359.619, 0.0, 0.0, 0.31, 14.0120803756, -0.122845973574, 
0.023078918457, 12.0, -140.0, 0.20337, 1.27065, 359.619, 0.0, 0.0, 0.31, 14.0120803756, -0.122845973574, 
0.0265579223633, 12.0, -140.0, 0.20337, 1.27065, 359.619, 0.0, 0.0, 0.31, 14.0120803756, -0.122845973574, 
0.0232315063477, 12.0, -140.0, 0.20337, 1.27065, 359.619, 0.0, 0.0, 0.31, 14.0120803756, -0.122845973574, 
0.0238342285156, 12.0, -140.0, 0.20337, 1.27065, 359.619, 0.0, 0.0, 0.31, 14.0120803756, -0.122845973574, 
0.0402297973633, 12.0, -140.0, 0.497504, -1.79520, 359.828, 0.0, 1.05668, 0.31, 14.0120803756, -0.122845973574, 
0.024543762207, 12.0, -140.0, 0.497504, -1.79520, 359.828, 0.0, 1.05668, 0.31, 14.0120803756, -0.122845973574, 
0.025993347168, 12.0, -140.0, 0.497504, -1.79520, 359.828, 0.0, 1.05668, 0.31, 14.0120803756, -0.122845973574, 
0.0239944458008, 12.0, -140.0, 0.497504, -1.79520, 359.828, 0.0, 1.05668, 0.31, 14.0120803756, -0.122845973574, 
0.0243606567383, 12.0, -140.0, 0.497504, -1.79520, 359.828, 0.0, 1.05668, 0.31, 14.0120803756, -0.122845973574, 
0.0254669189453, 12.0, -140.0, 0.497504, -1.79520, 359.828, 0.0, 1.05668, 0.31, 14.0120803756, -0.122845973574, 
0.0249404907227, 12.0, -140.0, 0.497504, -1.79520, 359.828, 0.0, 1.05668, 0.31, 14.0120803756, -0.122845973574, 
0.0376739501953, 12.0, -140.0, -3.80032, -2.43298, 358.182, 0.0, 1.05668, 0.31, 14.0120803756, -0.122845973574, 
0.0390014648438, 12.0, -140.0, -3.80032, -2.43298, 358.182, 0.0, 0.88725, 0.31, 14.0120803756, -0.122845973574, 
0.0240478515625, -15.0, -7.0, -3.80032, -2.43298, 358.182, 0.0, 0.88725, 0.31, 14.0120803756, -0.122845973574, 
0.0353775024414, -15.0, -7.0, -3.80032, -2.43298, 358.182, 0.0, 0.88725, 0.31, 14.0120803756, -0.122845973574, 
0.0240020751953, -15.0, -7.0, -3.80032, -2.43298, 358.182, 0.0, 0.88725, 0.31, 14.0120803756, -0.122845973574, 
0.0401153564453, -15.0, -7.0, -3.80032, -2.43298, 358.182, 0.0, 0.88725, 0.31, 14.0120803756, -0.122845973574, 
0.0383834838867, -15.0, -7.0, -2.55841, -3.45001, 356.842, 0.0, 0.88725, 0.31, 14.0120803756, -0.122845973574, 
0.0394515991211, -15.0, -7.0, -2.55841, -3.45001, 356.842, 0.0, 0.671745, 0.31, 14.0120803756, -0.122845973574, 
0.0246124267578, -15.0, -7.0, -2.55841, -3.45001, 356.842, 0.0, 0.671745, 0.31, 14.0120803756, -0.122845973574, 
0.0392303466797, -15.0, -7.0, -2.55841, -3.45001, 356.842, 0.0, 0.671745, 0.31, 14.0120803756, -0.122845973574, 
0.0393981933594, -15.0, -7.0, -2.55841, -3.45001, 356.842, 0.0, 0.671745, 0.31, 14.0120803756, -0.122845973574, 
0.0373153686523, -15.0, -7.0, -2.55841, -3.45001, 356.842, 0.0, 0.671745, 0.31, 14.0120803756, -0.122845973574, 
0.0241546630859, -15.0, -7.0, -2.55841, -3.45001, 356.842, 0.0, 0.671745, 0.31, 14.0120803756, -0.122845973574, 
0.0398941040039, -15.0, -7.0, 0.129661, -3.86915, 359.194, 0.0, 0.671745, 0.31, 14.0120803756, -0.122845973574, 
0.0250473022461, 40.0, 91.0, 0.129661, -3.86915, 359.194, 0.0, 0.0, 0.31, 14.0120803756, -0.122845973574, 
0.0400543212891, 40.0, 91.0, 0.129661, -3.86915, 359.194, 0.0, 0.0, 0.31, 14.0120803756, -0.122845973574, 
0.0399627685547, 40.0, 91.0, 0.129661, -3.86915, 359.194, 0.0, 0.0, 0.31, 14.0120803756, -0.122845973574, 
0.0394592285156, 40.0, 91.0, 0.129661, -3.86915, 359.194, 0.0, 0.0, 0.31, 14.0120803756, -0.122845973574, 
0.0366744995117, 40.0, 91.0, 0.129661, -3.86915, 359.194, 0.0, 0.0, 0.31, 14.0120803756, -0.122845973574, 
0.0407180786133, 40.0, 91.0, -0.995665, 0.298097, 1.16287, 0.0, 0.431346, 0.31, 14.0120803756, -0.122845973574, 
0.036376953125, 40.0, 91.0, -0.995665, 0.298097, 1.16287, 0.0, 0.431346, 0.31, 14.0120803756, -0.122845973574, 
0.0384292602539, 40.0, 91.0, -0.995665, 0.298097, 1.16287, 0.0, 0.431346, 0.31, 14.0120803756, -0.122845973574, 
0.0244598388672, 40.0, 91.0, -0.995665, 0.298097, 1.16287, 0.0, 0.431346, 0.31, 14.0120803756, -0.122845973574, 
0.0480117797852, 40.0, 91.0, -0.112713, 0.415705, 359.789, 0.0, 0.406204, 0.31, 14.0120803756, -0.122845973574, 
0.0240859985352, 40.0, 91.0, -0.112713, 0.415705, 359.789, 0.0, 0.406204, 0.31, 14.0120803756, -0.122845973574, 
0.0374755859375, 40.0, 91.0, -0.112713, 0.415705, 359.789, 0.0, 0.406204, 0.31, 14.0120803756, -0.122845973574, 
0.0378494262695, 22.0, -224.0, -0.112713, 0.415705, 359.789, 0.0, 0.406204, 0.31, 14.0120803756, -0.122845973574, 
0.0399780273438, 22.0, -224.0, -0.112713, 0.415705, 359.789, 0.0, 0.406204, 0.31, 14.0120803756, -0.122845973574, 
0.037971496582, 22.0, -224.0, 1.13737, -0.863456, 5.94596, 0.0, 0.182453, 0.31, 14.0120803756, -0.122845973574, 
0.0389785766602, 22.0, -224.0, 1.13737, -0.863456, 5.94596, 0.0, 0.182453, 0.31, 14.0120803756, -0.122845973574, 
0.0400619506836, 22.0, -224.0, 1.13737, -0.863456, 5.94596, 0.0, 0.182453, 0.31, 14.0120803756, -0.122845973574, 
0.0250244140625, 22.0, -224.0, 1.13737, -0.863456, 5.94596, 0.0, 0.182453, 0.31, 14.0120803756, -0.122845973574, 
0.0240249633789, 22.0, -224.0, 1.13737, -0.863456, 5.94596, 0.0, 0.182453, 0.31, 14.0120803756, -0.122845973574, 
0.0359802246094, 22.0, -224.0, 0.649648, -1.11876, 6.37742, 0.0, 0.182453, 0.31, 14.0120803756, -0.122845973574, 
0.0370407104492, 22.0, -224.0, 0.649648, -1.11876, 6.37742, 0.0, 0.0520796, 0.31, 14.0120803756, -0.122845973574, 
0.0255889892578, 22.0, -224.0, 0.649648, -1.11876, 6.37742, 0.0, 0.0520796, 0.31, 14.0120803756, -0.122845973574, 
0.0258407592773, 22.0, -224.0, 0.649648, -1.11876, 6.37742, 0.0, 0.0, 0.31, 14.0120803756, -0.122845973574, 
0.0390090942383, 43.0, -183.0, 0.649648, -1.11876, 6.37742, 0.0, 0.0, 0.31, 14.0120803756, -0.122845973574, 
0.0390777587891, 43.0, -183.0, 0.649648, -1.11876, 6.37742, 0.0, 0.0, 0.31, 14.0120803756, -0.122845973574, 
0.0247955322266, 43.0, -183.0, 0.649648, -1.11876, 6.37742, 0.0, 0.0, 0.31, 14.0120803756, -0.122845973574, 
0.0379943847656, 43.0, -183.0, 0.649648, -1.11876, 6.37742, 0.0, 0.0, 0.31, 14.0120803756, -0.122845973574, 
0.0383529663086, 43.0, -183.0, 0.0523178, -2.65293, 357.267, 0.0, 0.181997, 0.31, 14.0120803756, -0.122845973574, 
0.0251159667969, 43.0, -183.0, 0.0523178, -2.65293, 357.267, 0.0, 0.181997, 0.31, 14.0120803756, -0.122845973574, 
0.0391159057617, 43.0, -183.0, 0.0523178, -2.65293, 357.267, 0.0, 0.181997, 0.31, 14.0120803756, -0.122845973574, 
0.0397720336914, 43.0, -183.0, 0.0523178, -2.65293, 357.267, 0.0, 0.181997, 0.31, 14.0120803756, -0.122845973574, 
0.0245208740234, 43.0, -183.0, 0.757354, 0.432023, 349.030, 0.0, 0.181997, 0.31, 14.0120803756, -0.122845973574, 
0.0242614746094, 43.0, -183.0, 0.757354, 0.432023, 349.030, 0.0, 0.230079, 0.31, 14.0120803756, -0.122845973574, 
0.0248031616211, 43.0, -183.0, 0.757354, 0.432023, 349.030, 0.0, 0.230079, 0.31, 14.0120803756, -0.122845973574, 
0.0390014648438, 43.0, -183.0, 0.757354, 0.432023, 349.030, 0.0, 0.230079, 0.31, 14.0120803756, -0.122845973574, 
0.0240097045898, -20.0, -377.0, 0.757354, 0.432023, 349.030, 0.0, 0.230079, 0.31, 14.0120803756, -0.122845973574, 
0.0390319824219, -20.0, -377.0, 0.757354, 0.432023, 349.030, 0.0, 0.230079, 0.31, 14.0120803756, -0.122845973574, 
0.0390472412109, -20.0, -377.0, 0.757354, 0.432023, 349.030, 0.0, 0.230079, 0.31, 14.0120803756, -0.122845973574, 
0.0374908447266, -20.0, -377.0, 0.879431, -1.21208, 345.315, 0.0, 0.289067, 0.31, 14.0120803756, -0.122845973574, 
0.0392684936523, -20.0, -377.0, 0.879431, -1.21208, 345.315, 0.0, 0.289067, 0.31, 14.0120803756, -0.122845973574, 
0.0379867553711, -20.0, -377.0, 0.879431, -1.21208, 345.315, 0.0, 0.289067, 0.31, 14.0120803756, -0.122845973574, 
0.0391845703125, -20.0, -377.0, 0.879431, -1.21208, 345.315, 0.0, 0.289067, 0.31, 14.0120803756, -0.122845973574, 
0.0359802246094, -20.0, -377.0, 0.879431, -1.21208, 345.315, 0.0, 0.289067, 0.31, 14.0120803756, -0.122845973574, 
0.0240020751953, -20.0, -377.0, 0.310783, -2.76691, 346.263, 0.0, 0.289067, 0.31, 14.0120803756, -0.122845973574, 
0.0401382446289, -20.0, -377.0, 0.310783, -2.76691, 346.263, 0.0, 0.392795, 0.31, 14.0120803756, -0.122845973574, 
0.0270767211914, -20.0, -377.0, 0.310783, -2.76691, 346.263, 0.0, 0.392795, 0.31, 14.0120803756, -0.122845973574, 
0.0260925292969, -20.0, -377.0, 0.310783, -2.76691, 346.263, 0.0, 0.0, 0.31, 14.0120803756, -0.122845973574, 
0.0260543823242, -20.0, -377.0, 0.310783, -2.76691, 346.263, 0.0, 0.0, 0.31, 14.0120803756, -0.122845973574, 
0.0257339477539, -50.0, -94.0, 0.310783, -2.76691, 346.263, 0.0, 0.0, 0.32, 14.0120803756, -0.122845973574, 
0.0365829467773, -50.0, -94.0, 0.310783, -2.76691, 346.263, 0.0, 0.0, 0.32, 14.0120803756, -0.122845973574, 
0.0374526977539, -50.0, -94.0, 0.198977, -2.11395, 349.840, 0.0, 0.485612, 0.32, 14.0120803756, -0.122845973574, 
0.0385894775391, -50.0, -94.0, 0.198977, -2.11395, 349.840, 0.0, 0.485612, 0.32, 14.0120803756, -0.122845973574, 
0.0389938354492, -50.0, -94.0, 0.198977, -2.11395, 349.840, 0.0, 0.485612, 0.32, 14.0120803756, -0.122845973574, 
0.0249099731445, -50.0, -94.0, 0.198977, -2.11395, 349.840, 0.0, 0.485612, 0.32, 14.0120803756, -0.122845973574, 
0.0390014648438, -50.0, -94.0, 0.198977, -2.11395, 349.840, 0.0, 0.485612, 0.32, 14.0120803756, -0.122845973574, 
0.0250091552734, -50.0, -94.0, 0.198977, -2.11395, 349.840, 0.0, 0.485612, 0.32, 14.0120803756, -0.122845973574, 
0.026237487793, -50.0, -94.0, -0.507276, 0.188384, 353.989, 0.0, 0.499243, 0.32, 14.0120803756, -0.122845973574, 
0.0242691040039, -50.0, -94.0, -0.507276, 0.188384, 353.989, 0.0, 0.499243, 0.32, 14.0120803756, -0.122845973574, 
0.0251235961914, -50.0, -94.0, -0.507276, 0.188384, 353.989, 0.0, 0.499243, 0.32, 14.0120803756, -0.122845973574, 
0.0395584106445, -50.0, -94.0, -0.507276, 0.188384, 353.989, 0.0, 0.499243, 0.32, 14.0120803756, -0.122845973574, 
0.0237808227539, -67.0, -15.0, -0.507276, 0.188384, 353.989, 0.0, 0.499243, 0.32, 14.0120803756, -0.122845973574, 
0.0410766601563, -67.0, -15.0, -0.507276, 0.188384, 353.989, 0.0, 0.499243, 0.32, 14.0120803756, -0.122845973574, 
0.0390548706055, -67.0, -15.0, -0.652325, 1.29609, 357.188, 0.0, 0.464595, 0.32, 14.0120803756, -0.122845973574, 
0.0371932983398, -67.0, -15.0, -0.652325, 1.29609, 357.188, 0.0, 0.464595, 0.32, 14.0120803756, -0.122845973574, 
0.0385818481445, -67.0, -15.0, -0.652325, 1.29609, 357.188, 0.0, 0.464595, 0.32, 14.0120803756, -0.122845973574, 
0.0391311645508, -67.0, -15.0, -0.652325, 1.29609, 357.188, 0.0, 0.464595, 0.32, 14.0120803756, -0.122845973574, 
0.0393981933594, -67.0, -15.0, -0.652325, 1.29609, 357.188, 0.0, 0.464595, 0.32, 14.0120803756, -0.122845973574, 
0.0388870239258, -67.0, -15.0, 0.549105, 1.24926, 358.945, 0.0, 0.35767, 0.32, 14.0120803756, -0.122845973574, 
0.0381317138672, -67.0, -15.0, 0.549105, 1.24926, 358.945, 0.0, 0.35767, 0.32, 14.0120803756, -0.122845973574, 
0.036376953125, -67.0, -15.0, 0.549105, 1.24926, 358.945, 0.0, 0.35767, 0.32, 14.0120803756, -0.122845973574, 
0.0389556884766, -67.0, -15.0, 0.549105, 1.24926, 358.945, 0.0, 0.35767, 0.32, 14.0120803756, -0.122845973574, 
0.0387573242188, 52.0, -283.0, 0.549105, 1.24926, 358.945, 0.0, 0.0, 0.32, 14.0120803756, -0.122845973574, 
0.0375061035156, 52.0, -283.0, 0.549105, 1.24926, 358.945, 0.0, 0.0, 0.32, 14.0120803756, -0.122845973574, 
0.0385437011719, 52.0, -283.0, 0.549105, 1.24926, 358.945, 0.0, 0.0, 0.32, 14.0120803756, -0.122845973574, 
0.0343017578125, 52.0, -283.0, -0.932064, 1.24509, 359.296, 0.0, 0.326487, 0.31, 14.0120803756, -0.122845973574, 
0.036994934082, 52.0, -283.0, -0.932064, 1.24509, 359.296, 0.0, 0.326487, 0.31, 14.0120803756, -0.122845973574, 
0.0373992919922, 52.0, -283.0, -0.932064, 1.24509, 359.296, 0.0, 0.326487, 0.31, 14.0120803756, -0.122845973574, 
0.0380630493164, 52.0, -283.0, -3.83056, 1.50884, 359.752, 0.0, 0.207252, 0.31, 14.0120803756, -0.122845973574, 
0.0334930419922, 52.0, -283.0, -3.83056, 1.50884, 359.752, 0.0, 0.207252, 0.31, 14.0120803756, -0.122845973574, 
0.0389938354492, 52.0, -283.0, -3.83056, 1.50884, 359.752, 0.0, 0.207252, 0.31, 14.0120803756, -0.122845973574, 
0.0399856567383, 52.0, -283.0, -3.83056, 1.50884, 359.752, 0.0, 0.207252, 0.31, 14.0120803756, -0.122845973574, 
0.0369262695313, 35.0, 45.0, -3.83056, 1.50884, 359.752, 0.0, 0.207252, 0.31, 14.0120803756, -0.122845973574, 
0.0421371459961, 35.0, 45.0, -2.48045, -2.77542, 1.09267, 0.0, 0.252861, 0.3, 14.0120803756, -0.122845973574, 
0.0369033813477, 35.0, 45.0, -2.48045, -2.77542, 1.09267, 0.0, 0.252861, 0.3, 14.0120803756, -0.122845973574, 
0.0378875732422, 35.0, 45.0, -2.48045, -2.77542, 1.09267, 0.0, 0.252861, 0.3, 14.0120803756, -0.122845973574, 
0.0386962890625, 35.0, 45.0, -2.48045, -2.77542, 1.09267, 0.0, 0.252861, 0.3, 14.0120803756, -0.122845973574, 
0.0381546020508, 35.0, 45.0, -2.48045, -2.77542, 1.09267, 0.0, 0.252861, 0.3, 14.0120803756, -0.122845973574, 
0.0381927490234, 35.0, 45.0, 1.64300, -1.08192, 1.87941, 0.0, 0.252861, 0.3, 14.0120803756, -0.122845973574, 
0.0390625, 35.0, 45.0, 1.64300, -1.08192, 1.87941, 0.0, 0.290283, 0.3, 14.0120803756, -0.122845973574, 
0.0349960327148, 35.0, 45.0, 1.64300, -1.08192, 1.87941, 0.0, 0.290283, 0.3, 14.0120803756, -0.122845973574, 
0.0381164550781, 35.0, 45.0, 1.64300, -1.08192, 1.87941, 0.0, 0.290283, 0.3, 14.0120803756, -0.122845973574, 
0.0387802124023, 21.0, 157.0, 1.64300, -1.08192, 1.87941, 0.0, 0.0, 0.3, 14.0120803756, -0.122845973574, 
0.0516204833984, 21.0, 157.0, 2.14722, 0.403871, 8.33071, 0.0, 0.0, 0.31, 14.0120803756, -0.122845973574, 
0.0387115478516, 21.0, 157.0, 2.14722, 0.403871, 8.33071, 0.0, 0.222483, 0.31, 14.0120803756, -0.122845973574, 
0.0386047363281, 21.0, 157.0, 2.14722, 0.403871, 8.33071, 0.0, 0.222483, 0.31, 14.0120803756, -0.122845973574, 
0.0382232666016, 21.0, 157.0, 2.14722, 0.403871, 8.33071, 0.0, 0.222483, 0.31, 14.0120803756, -0.122845973574, 
0.038948059082, 21.0, 157.0, 2.14722, 0.403871, 8.33071, 0.0, 0.222483, 0.31, 14.0120803756, -0.122845973574, 
0.0380706787109, 21.0, 157.0, 2.51827, 2.32306, 11.4117, 0.0, 0.222483, 0.31, 14.0120803756, -0.122845973574, 
0.0353698730469, 21.0, 157.0, 2.51827, 2.32306, 11.4117, 0.0, 0.31156, 0.31, 14.0120803756, -0.122845973574, 
0.0371780395508, 21.0, 157.0, 2.51827, 2.32306, 11.4117, 0.0, 0.31156, 0.31, 14.0120803756, -0.122845973574, 
0.038444519043, 21.0, 157.0, 2.51827, 2.32306, 11.4117, 0.0, 0.31156, 0.31, 14.0120803756, -0.122845973574, 
0.0399551391602, 21.0, 157.0, 2.51827, 2.32306, 11.4117, 0.0, 0.31156, 0.31, 14.0120803756, -0.122845973574, 
0.0387573242188, 72.0, 49.0, 1.02167, -0.733371, 8.42256, 0.0, 0.31156, 0.31, 14.0120803756, -0.122845973574, 
0.036865234375, 72.0, 49.0, 1.02167, -0.733371, 8.42256, 0.0, 0.387743, 0.31, 14.0120803756, -0.122845973574, 
0.0386962890625, 72.0, 49.0, 1.02167, -0.733371, 8.42256, 0.0, 0.387743, 0.31, 14.0120803756, -0.122845973574, 
0.0400314331055, 72.0, 49.0, 1.02167, -0.733371, 8.42256, 0.0, 0.387743, 0.31, 14.0120803756, -0.122845973574, 
0.026008605957, 72.0, 49.0, 1.02167, -0.733371, 8.42256, 0.0, 0.387743, 0.31, 14.0120803756, -0.122845973574, 
0.0381927490234, 72.0, 49.0, 1.02167, -0.733371, 8.42256, 0.0, 0.387743, 0.31, 14.0120803756, -0.122845973574, 
0.0369338989258, 72.0, 49.0, -0.843643, -3.73676, 0.737238, 0.0, 0.387743, 0.31, 14.0120803756, -0.122845973574, 
0.0380096435547, 72.0, 49.0, -0.843643, -3.73676, 0.737238, 0.0, 0.419386, 0.31, 14.0120803756, -0.122845973574, 
0.0387191772461, 72.0, 49.0, -0.843643, -3.73676, 0.737238, 0.0, 0.419386, 0.31, 14.0120803756, -0.122845973574, 
0.0392303466797, 72.0, 49.0, -0.843643, -3.73676, 0.737238, 0.0, 0.419386, 0.31, 14.0120803756, -0.122845973574, 
0.0382995605469, 72.0, 49.0, -0.843643, -3.73676, 0.737238, 0.0, 0.419386, 0.31, 14.0120803756, -0.122845973574, 
0.0512924194336, 101.0, 54.0, -0.650618, -3.48356, 355.675, 0.0, 0.0, 0.31, 14.0120803756, -0.122845973574, 
0.0380020141602, 101.0, 54.0, -0.650618, -3.48356, 355.675, 0.0, 0.467899, 0.3, 14.0120803756, -0.122845973574, 
0.0370178222656, 101.0, 54.0, -0.650618, -3.48356, 355.675, 0.0, 0.467899, 0.3, 14.0120803756, -0.122845973574, 
0.0376968383789, 101.0, 54.0, -0.650618, -3.48356, 355.675, 0.0, 0.467899, 0.3, 14.0120803756, -0.122845973574, 
0.0370712280273, 101.0, 54.0, -0.650618, -3.48356, 355.675, 0.0, 0.467899, 0.3, 14.0120803756, -0.122845973574, 
0.0369110107422, 101.0, 54.0, 0.210314, -1.83784, 357.055, 0.0, 0.499276, 0.3, 14.0120803756, -0.122845973574, 
0.037727355957, 101.0, 54.0, 0.210314, -1.83784, 357.055, 0.0, 0.499276, 0.3, 14.0120803756, -0.122845973574, 
0.0381317138672, 101.0, 54.0, 0.210314, -1.83784, 357.055, 0.0, 0.499276, 0.3, 14.0120803756, -0.122845973574, 
0.0380706787109, 101.0, 54.0, 0.210314, -1.83784, 357.055, 0.0, 0.499276, 0.3, 14.0120803756, -0.122845973574, 
0.0329971313477, 101.0, 54.0, 0.210314, -1.83784, 357.055, 0.0, 0.499276, 0.3, 14.0120803756, -0.122845973574, 
0.0388412475586, -49.0, 51.0, 0.413337, 0.375767, 1.02009, 0.0, 0.499276, 0.3, 14.0120803756, -0.122845973574, 
0.0429840087891, -49.0, 51.0, 0.413337, 0.375767, 1.02009, 0.0, 0.437026, 0.31, 14.0120803756, -0.122845973574, 
0.0392227172852, -49.0, 51.0, 0.413337, 0.375767, 1.02009, 0.0, 0.437026, 0.31, 14.0120803756, -0.122845973574, 
0.0387191772461, -49.0, 51.0, 0.413337, 0.375767, 1.02009, 0.0, 0.437026, 0.31, 14.0120803756, -0.122845973574, 
0.036994934082, -49.0, 51.0, -0.354832, -0.949002, 4.22223, 0.0, 0.437026, 0.31, 14.0120803756, -0.122845973574, 
0.0388870239258, -49.0, 51.0, -0.354832, -0.949002, 4.22223, 0.0, 0.437026, 0.31, 14.0120803756, -0.122845973574, 
0.0379257202148, -49.0, 51.0, -0.354832, -0.949002, 4.22223, 0.0, 0.374043, 0.31, 14.0120803756, -0.122845973574, 
0.0359954833984, -49.0, 51.0, -0.354832, -0.949002, 4.22223, 0.0, 0.374043, 0.31, 14.0120803756, -0.122845973574, 
0.0390930175781, -49.0, 51.0, -0.354832, -0.949002, 4.22223, 0.0, 0.374043, 0.31, 14.0120803756, -0.122845973574, 
0.0370635986328, -49.0, 51.0, -0.354832, -0.949002, 4.22223, 0.0, 0.374043, 0.31, 14.0120803756, -0.122845973574, 
0.0369186401367, 53.0, -28.0, 1.65883, -2.66246, 3.48545, 0.0, 0.0, 0.31, 14.0120803756, -0.122845973574, 
0.0532073974609, 53.0, -28.0, 1.65883, -2.66246, 3.48545, 0.0, 0.418746, 0.31, 14.0120803756, -0.122845973574, 
0.0385665893555, 53.0, -28.0, 1.65883, -2.66246, 3.48545, 0.0, 0.418746, 0.31, 14.0120803756, -0.122845973574, 
0.0370559692383, 53.0, -28.0, 1.65883, -2.66246, 3.48545, 0.0, 0.418746, 0.31, 14.0120803756, -0.122845973574, 
0.036003112793, 53.0, -28.0, 2.28341, -2.02159, 359.363, 0.0, 0.418746, 0.31, 14.0120803756, -0.122845973574, 
0.0380401611328, 53.0, -28.0, 2.28341, -2.02159, 359.363, 0.0, 0.461394, 0.31, 14.0120803756, -0.122845973574, 
0.0386276245117, 53.0, -28.0, 2.28341, -2.02159, 359.363, 0.0, 0.461394, 0.31, 14.0120803756, -0.122845973574, 
0.0389938354492, 53.0, -28.0, 2.28341, -2.02159, 359.363, 0.0, 0.461394, 0.31, 14.0120803756, -0.122845973574, 
0.0379333496094, 53.0, -28.0, 2.28341, -2.02159, 359.363, 0.0, 0.461394, 0.31, 14.0120803756, -0.122845973574, 
0.0375518798828, 53.0, -28.0, 0.553501, -0.519201, 355.995, 0.0, 0.461394, 0.31, 14.0120803756, -0.122845973574, 
0.0368728637695, 53.0, -28.0, 0.553501, -0.519201, 355.995, 0.0, 0.461394, 0.31, 14.0120803756, -0.122845973574, 
0.0525588989258, 97.0, 17.0, 0.553501, -0.519201, 355.995, 0.0, 0.45155, 0.31, 14.0120803756, -0.122845973574, 
0.0383834838867, 97.0, 17.0, 0.553501, -0.519201, 355.995, 0.0, 0.45155, 0.32, 14.0120803756, -0.122845973574, 
0.0324630737305, 97.0, 17.0, 0.553501, -0.519201, 355.995, 0.0, 0.45155, 0.32, 14.0120803756, -0.122845973574, 
0.0369415283203, 97.0, 17.0, -0.923136, 0.259622, 357.172, 0.0, 0.45155, 0.32, 14.0120803756, -0.122845973574, 
0.03662109375, 97.0, 17.0, -0.923136, 0.259622, 357.172, 0.0, 0.373643, 0.32, 14.0120803756, -0.122845973574, 
0.0379943847656, 97.0, 17.0, -0.923136, 0.259622, 357.172, 0.0, 0.373643, 0.32, 14.0120803756, -0.122845973574, 
0.0380554199219, 97.0, 17.0, -0.923136, 0.259622, 357.172, 0.0, 0.373643, 0.32, 14.0120803756, -0.122845973574, 
0.0372619628906, 97.0, 17.0, -0.923136, 0.259622, 357.172, 0.0, 0.373643, 0.32, 14.0120803756, -0.122845973574, 
0.0365142822266, 97.0, 17.0, -0.549375, 0.625495, 357.228, 0.0, 0.373643, 0.32, 14.0120803756, -0.122845973574, 
0.0361022949219, 97.0, 17.0, -0.549375, 0.625495, 357.228, 0.0, 0.280326, 0.32, 14.0120803756, -0.122845973574, 
0.0380020141602, -5.0, 247.0, -0.549375, 0.625495, 357.228, 0.0, 0.0, 0.32, 14.0120803756, -0.122845973574, 
0.0353775024414, -5.0, 247.0, -0.549375, 0.625495, 357.228, 0.0, 0.0, 0.33, 14.0120803756, -0.122845973574, 
0.0369720458984, -5.0, 247.0, -0.549375, 0.625495, 357.228, 0.0, 0.0, 0.33, 14.0120803756, -0.122845973574, 
0.0325241088867, -5.0, 247.0, 0.144583, 1.42439, 356.337, 0.0, 0.0, 0.33, 14.0120803756, -0.122845973574, 
0.0344619750977, -5.0, 247.0, 0.144583, 1.42439, 356.337, 0.0, 0.18617, 0.33, 14.0120803756, -0.122845973574, 
0.0375137329102, -5.0, 247.0, 0.144583, 1.42439, 356.337, 0.0, 0.18617, 0.33, 14.0120803756, -0.122845973574, 
0.0390472412109, -5.0, 247.0, 0.144583, 1.42439, 356.337, 0.0, 0.18617, 0.33, 14.0120803756, -0.122845973574, 
0.0370559692383, -5.0, 247.0, 0.144583, 1.42439, 356.337, 0.0, 0.18617, 0.33, 14.0120803756, -0.122845973574, 
