0.0149841308594, 19.0, 0.0, 0.291433, -0.125594, 22.8393, 0.0, 0.0528687, 0.07, 19.0, 0.0, 
0.0190048217773, 18.0, 0.0, 0.291433, -0.125594, 22.8393, 0.0, 0.0, 0.07, 18.9090909091, 0.0, 
0.0221328735352, 18.0, 0.0, 0.297903, -0.136131, 22.9009, 0.0, 0.0538994, 0.07, 18.8264462810, 0.0, 
0.0281982421875, 18.0, 0.0, 0.297903, -0.136131, 22.9009, 0.0, 0.0538994, 0.07, 18.7513148009, 0.0, 
0.0280609130859, 18.0, 0.0, 0.297903, -0.136131, 22.9009, 0.0, 0.0538994, 0.07, 18.6830134554, 0.0, 
0.0150451660156, 18.0, 0.0, 0.297903, -0.136131, 22.9009, 0.0, 0.0538994, 0.07, 18.6209213231, 0.0, 
0.0139999389648, 18.0, 0.0, 0.297903, -0.136131, 22.9009, 0.0, 0.0538994, 0.07, 18.5644739301, 0.0, 
0.0147705078125, 18.0, 0.0, 0.297903, -0.136131, 22.9009, 0.0, 0.0538994, 0.07, 18.5131581182, 0.0, 
0.0135040283203, 18.0, 0.0, 0.297903, -0.136131, 22.9009, 0.0, 0.0538994, 0.07, 18.4665073802, 0.0, 
0.0149765014648, 18.0, 0.0, 0.297903, -0.136131, 22.9009, 0.0, 0.0538994, 0.07, 18.4240976184, 0.0, 
0.0147323608398, 18.0, 0.0, 0.297903, -0.136131, 22.9009, 0.0, 0.0538994, 0.07, 18.3855432894, 0.0, 
0.0145797729492, 18.0, 0.0, 0.297903, -0.136131, 22.9009, 0.0, 0.0538994, 0.07, 18.3504938995, 0.0, 
0.0144271850586, 18.0, 0.0, 0.297903, -0.136131, 22.9009, 0.0, 0.0538994, 0.07, 18.3186308177, 0.0, 
0.0139007568359, 18.0, 0.0, 0.301002, -0.135515, 22.9653, 0.0, 0.0537769, 0.07, 18.2896643797, 0.0, 
0.0149002075195, 18.0, 0.0, 0.301002, -0.135515, 22.9653, 0.0, 0.0537769, 0.07, 18.2633312543, 0.0, 
0.0280075073242, 18.0, 0.0, 0.301002, -0.135515, 22.9653, 0.0, 0.0537769, 0.07, 18.2393920494, 0.0, 
0.0139923095703, 18.0, 0.0, 0.301002, -0.135515, 22.9653, 0.0, 0.0537769, 0.07, 18.2176291358, 0.0, 
0.0141220092773, 18.0, 0.0, 0.301002, -0.135515, 22.9653, 0.0, 0.0537769, 0.07, 18.1978446689, 0.0, 
0.013313293457, 18.0, 0.0, 0.301002, -0.135515, 22.9653, 0.0, 0.0537769, 0.07, 18.1798587899, 0.0, 
0.0254211425781, 18.0, 0.0, 0.301002, -0.135515, 22.9653, 0.0, 0.0537769, 0.07, 18.1635079908, 0.0, 
0.0146560668945, 18.0, 0.0, 0.301002, -0.135515, 22.9653, 0.0, 0.0537769, 0.07, 18.1486436280, 0.0, 
0.013069152832, 18.0, 0.0, 0.301002, -0.135515, 22.9653, 0.0, 0.0537769, 0.07, 18.1351305709, 0.0, 
0.0189971923828, 18.0, 0.0, 0.301002, -0.135515, 22.9653, 0.0, 0.0537769, 0.07, 18.1228459736, 0.0, 
0.0265197753906, 18.0, 0.0, 0.301002, -0.135515, 22.9653, 0.0, 0.0537769, 0.08, 18.1116781578, 0.0, 
0.0132598876953, 19.0, 0.0, 0.301002, -0.135515, 22.9653, 0.0, 0.0537769, 0.08, 18.1924346889, 0.0, 
0.0126419067383, 19.0, 0.0, 0.301002, -0.135515, 22.9653, 0.0, 0.0537769, 0.08, 18.2658497172, 0.0, 
0.0139770507813, 19.0, 0.0, 0.306301, -0.143374, 23.0286, 0.0, 0.0545664, 0.08, 18.3325906520, 0.0, 
0.0142593383789, 19.0, 0.0, 0.306301, -0.143374, 23.0286, 0.0, 0.0545664, 0.08, 18.3932642291, 0.0, 
0.029426574707, 19.0, 0.0, 0.306301, -0.143374, 23.0286, 0.0, 0.0545664, 0.08, 18.4484220264, 0.0, 
0.0125503540039, 19.0, 0.0, 0.306301, -0.143374, 23.0286, 0.0, 0.0545664, 0.08, 18.4985654786, 0.0, 
0.0145645141602, 19.0, 0.0, 0.306301, -0.143374, 23.0286, 0.0, 0.0545664, 0.08, 18.5441504351, 0.0, 
0.0290374755859, 19.0, 0.0, 0.306301, -0.143374, 23.0286, 0.0, 0.0545664, 0.08, 18.5855913046, 0.0, 
0.0150527954102, 19.0, 0.0, 0.306301, -0.143374, 23.0286, 0.0, 0.0545664, 0.08, 18.6232648224, 0.0, 
0.0143661499023, 19.0, 0.0, 0.306301, -0.143374, 23.0286, 0.0, 0.0545664, 0.08, 18.6575134749, 0.0, 
0.0193634033203, 19.0, 0.0, 0.306301, -0.143374, 23.0286, 0.0, 0.0545664, 0.08, 18.6886486135, 0.0, 
0.0134811401367, 19.0, 0.0, 0.306301, -0.143374, 23.0286, 0.0, 0.0545664, 0.08, 18.7169532850, 0.0, 
0.0141296386719, 19.0, 0.0, 0.306301, -0.143374, 23.0286, 0.0, 0.0545664, 0.08, 18.7426848046, 0.0, 
0.0133895874023, 19.0, 0.0, 0.306301, -0.143374, 23.0286, 0.0, 0.0545664, 0.08, 18.7660770951, 0.0, 
0.0150680541992, 19.0, 0.0, 0.30654, -0.144929, 23.0930, 0.0, 0.0560293, 0.08, 18.7873428137, 0.0, 
0.0148010253906, 19.0, 0.0, 0.30654, -0.144929, 23.0930, 0.0, 0.0560293, 0.08, 18.8066752852, 0.0, 
0.0140533447266, 19.0, 0.0, 0.30654, -0.144929, 23.0930, 0.0, 0.0560293, 0.08, 18.8242502593, 0.0, 
0.0139770507813, 19.0, 0.0, 0.30654, -0.144929, 23.0930, 0.0, 0.0560293, 0.08, 18.8402275084, 0.0, 
0.0301818847656, 19.0, 0.0, 0.30654, -0.144929, 23.0930, 0.0, 0.0560293, 0.08, 18.8547522804, 0.0, 
0.013542175293, 19.0, 0.0, 0.30654, -0.144929, 23.0930, 0.0, 0.0560293, 0.08, 18.8679566185, 0.0, 
0.0259170532227, 19.0, 0.0, 0.30654, -0.144929, 23.0930, 0.0, 0.0560293, 0.08, 18.8799605623, 0.0, 
0.0144271850586, 19.0, 0.0, 0.30654, -0.144929, 23.0930, 0.0, 0.0560293, 0.08, 18.8908732384, 0.0, 
0.0140533447266, 19.0, 0.0, 0.30654, -0.144929, 23.0930, 0.0, 0.0560293, 0.08, 18.9007938531, 0.0, 
0.0140533447266, 19.0, 0.0, 0.30654, -0.144929, 23.0930, 0.0, 0.0560293, 0.08, 18.9098125938, 0.0, 
0.0140380859375, 19.0, 0.0, 0.30654, -0.144929, 23.0930, 0.0, 0.0560293, 0.08, 18.9180114489, 0.0, 
0.0145034790039, 19.0, 0.0, 0.30654, -0.144929, 23.0930, 0.0, 0.0560293, 0.08, 18.9254649535, 0.0, 
0.0130462646484, 19.0, 0.0, 0.30654, -0.144929, 23.0930, 0.0, 0.0560293, 0.08, 18.9322408668, 0.0, 
0.0147705078125, 19.0, 0.0, 0.30654, -0.144929, 23.0930, 0.0, 0.0560293, 0.08, 18.9384007880, 0.0, 
0.0138626098633, 19.0, 0.0, 0.30654, -0.144929, 23.0930, 0.0, 0.0560293, 0.08, 18.9440007164, 0.0, 
0.0142517089844, 19.0, 0.0, 0.2973, -0.147736, 23.1526, 0.0, 0.0562824, 0.08, 18.9490915604, 0.0, 
0.0141830444336, 19.0, 0.0, 0.2973, -0.147736, 23.1526, 0.0, 0.0562824, 0.08, 18.9537196003, 0.0, 
0.0132064819336, 19.0, 0.0, 0.2973, -0.147736, 23.1526, 0.0, 0.0562824, 0.08, 18.9579269094, 0.0, 
0.0139770507813, 19.0, 0.0, 0.2973, -0.147736, 23.1526, 0.0, 0.0562824, 0.08, 18.9617517358, 0.0, 
0.0139999389648, 19.0, 0.0, 0.2973, -0.147736, 23.1526, 0.0, 0.0562824, 0.08, 18.9652288507, 0.0, 
0.0140151977539, 19.0, 0.0, 0.2973, -0.147736, 23.1526, 0.0, 0.0562824, 0.08, 18.9683898643, 0.0, 
0.0282516479492, 19.0, 0.0, 0.2973, -0.147736, 23.1526, 0.0, 0.0562824, 0.08, 18.9712635130, 0.0, 
0.0143356323242, 19.0, 0.0, 0.2973, -0.147736, 23.1526, 0.0, 0.0562824, 0.08, 18.9738759209, 0.0, 
0.013053894043, 19.0, 0.0, 0.2973, -0.147736, 23.1526, 0.0, 0.0562824, 0.08, 18.9762508372, 0.0, 
0.0132293701172, 19.0, 0.0, 0.2973, -0.147736, 23.1526, 0.0, 0.0562824, 0.08, 18.9784098520, 0.0, 
0.0129928588867, 19.0, 0.0, 0.2973, -0.147736, 23.1526, 0.0, 0.0562824, 0.08, 18.9803725927, 0.0, 
0.0139999389648, 19.0, 0.0, 0.2973, -0.147736, 23.1526, 0.0, 0.0562824, 0.08, 18.9821569025, 0.0, 
0.0149993896484, 19.0, 0.0, 0.2973, -0.147736, 23.1526, 0.0, 0.0562824, 0.08, 18.9837790022, 0.0, 
0.0149841308594, 19.0, 0.0, 0.2973, -0.147736, 23.1526, 0.0, 0.0562824, 0.08, 18.9852536384, 0.0, 
0.0294876098633, 19.0, 0.0, 0.2973, -0.147736, 23.1526, 0.0, 0.0562824, 0.08, 18.9865942167, 0.0, 
0.0149841308594, 19.0, 0.0, 0.298344, -0.149675, 23.2166, 0.0, 0.0570754, 0.08, 18.9878129243, 0.0, 
5.17064666748, 47.0, -48.0, 0.370146, -0.121168, 24.5564, 0.0, 0.203915, 0.05, 18.9878129243, 0.0, 
0.0137329101563, 47.0, -48.0, 0.370146, -0.121168, 24.5564, 0.0, 0.203915, 0.05, 18.9878129243, 0.0, 
0.0142440795898, 26.0, 53.0, 0.370146, -0.121168, 24.5564, 0.0, 0.203915, 0.03, 18.9878129243, 0.0, 
0.0136871337891, 26.0, 53.0, 0.370146, -0.121168, 24.5564, 0.0, 0.203915, 0.03, 18.9878129243, 0.0, 
0.0135116577148, 26.0, 53.0, 0.40306, -0.157701, 24.6229, 0.0, 0.207616, 0.03, 18.9878129243, 0.0, 
0.0291976928711, 26.0, 53.0, 0.40306, -0.157701, 24.6229, 0.0, 0.207616, 0.03, 18.9878129243, 0.0, 
0.0269927978516, 26.0, 53.0, 0.40306, -0.157701, 24.6229, 0.0, 0.207616, 0.03, 18.9878129243, 0.0, 
0.0274887084961, 26.0, 53.0, 0.40306, -0.157701, 24.6229, 0.0, 0.207616, 0.03, 18.9878129243, 0.0, 
0.0293197631836, 26.0, 53.0, 0.40306, -0.157701, 24.6229, 0.0, 0.207616, 0.03, 18.9878129243, 0.0, 
0.0280075073242, 26.0, 53.0, 0.40306, -0.157701, 24.6229, 0.0, 0.207616, 0.03, 18.9878129243, 0.0, 
0.0140075683594, 26.0, 53.0, 0.40306, -0.157701, 24.6229, 0.0, 0.207616, 0.03, 18.9878129243, 0.0, 
0.0279922485352, 26.0, 53.0, 0.40306, -0.157701, 24.6229, 0.0, 0.207616, 0.03, 18.9878129243, 0.0, 
0.0280151367188, 26.0, 53.0, 0.45145, -0.206836, 24.3159, 0.0, 0.21605, 0.03, 18.9878129243, 0.0, 
0.0284423828125, 26.0, 53.0, 0.45145, -0.206836, 24.3159, 0.0, 0.21605, 0.03, 18.9878129243, 0.0, 
0.0280303955078, 26.0, 53.0, 0.45145, -0.206836, 24.3159, 0.0, 0.21605, 0.03, 18.9878129243, 0.0, 
0.0290985107422, 26.0, 53.0, 0.45145, -0.206836, 24.3159, 0.0, 0.21605, 0.03, 18.9878129243, 0.0, 
0.0139999389648, 26.0, 53.0, 0.45145, -0.206836, 24.3159, 0.0, 0.21605, 0.03, 18.9878129243, 0.0, 
0.0290451049805, 26.0, 53.0, 0.45145, -0.206836, 24.3159, 0.0, 0.21605, 0.03, 18.9878129243, 0.0, 
0.0140838623047, 26.0, 53.0, 0.45145, -0.206836, 24.3159, 0.0, 0.21605, 0.03, 18.9878129243, 0.0, 
0.0291748046875, 26.0, 53.0, 0.45145, -0.206836, 24.3159, 0.0, 0.21605, 0.03, 18.9878129243, 0.0, 
0.0288772583008, 26.0, 53.0, 0.45145, -0.206836, 24.3159, 0.0, 0.0, 0.05, 18.9878129243, 0.0, 
0.0288238525391, 26.0, 53.0, 0.45145, -0.206836, 24.3159, 0.0, 0.0, 0.05, 18.9878129243, 0.0, 
0.0285568237305, 57.0, 185.0, 2.69194, -1.15150, 22.4110, 0.0, 0.248426, 0.05, 18.9878129243, 0.0, 
0.0288467407227, 57.0, 185.0, 2.69194, -1.15150, 22.4110, 0.0, 0.248426, 0.05, 18.9878129243, 0.0, 
0.0282897949219, 57.0, 185.0, 2.69194, -1.15150, 22.4110, 0.0, 0.248426, 0.05, 18.9878129243, 0.0, 
0.0289916992188, 57.0, 185.0, 2.69194, -1.15150, 22.4110, 0.0, 0.248426, 0.05, 18.9878129243, 0.0, 
0.0295791625977, 57.0, 185.0, 2.69194, -1.15150, 22.4110, 0.0, 0.248426, 0.05, 18.9878129243, 0.0, 
0.0298385620117, 57.0, 185.0, 2.69194, -1.15150, 22.4110, 0.0, 0.248426, 0.05, 18.9878129243, 0.0, 
0.029052734375, 57.0, 185.0, 2.69194, -1.15150, 22.4110, 0.0, 0.248426, 0.05, 18.9878129243, 0.0, 
0.0299911499023, 57.0, 185.0, 2.69194, -1.15150, 22.4110, 0.0, 0.248426, 0.05, 18.9878129243, 0.0, 
0.0282211303711, 57.0, 185.0, 3.28254, -0.791015, 20.7064, 0.0, 0.341969, 0.05, 18.9878129243, 0.0, 
0.0283889770508, 57.0, 185.0, 3.28254, -0.791015, 20.7064, 0.0, 0.341969, 0.05, 18.9878129243, 0.0, 
0.028076171875, 57.0, 185.0, 3.28254, -0.791015, 20.7064, 0.0, 0.341969, 0.05, 18.9878129243, 0.0, 
0.0270004272461, 57.0, 185.0, 3.28254, -0.791015, 20.7064, 0.0, 0.341969, 0.05, 18.9878129243, 0.0, 
0.0289916992188, 57.0, 185.0, 3.28254, -0.791015, 20.7064, 0.0, 0.341969, 0.05, 18.9878129243, 0.0, 
0.0284576416016, 57.0, 185.0, 3.28254, -0.791015, 20.7064, 0.0, 0.341969, 0.05, 18.9878129243, 0.0, 
0.0289154052734, 57.0, 185.0, 1.78171, -0.740343, 20.3805, 0.0, 0.341969, 0.22, 18.9878129243, 0.0, 
0.0280227661133, 57.0, 185.0, 1.78171, -0.740343, 20.3805, 0.0, 0.341969, 0.22, 18.9878129243, 0.0, 
0.0273132324219, -6.0, -23.0, 1.78171, -0.740343, 20.3805, 0.0, 0.409943, 0.22, 18.9878129243, 0.0, 
0.0295791625977, -6.0, -23.0, 1.78171, -0.740343, 20.3805, 0.0, 0.409943, 0.22, 18.9878129243, 0.0, 
0.0293960571289, -6.0, -23.0, 1.78171, -0.740343, 20.3805, 0.0, 0.409943, 0.22, 18.9878129243, 0.0, 
0.0300521850586, -6.0, -23.0, 1.78171, -0.740343, 20.3805, 0.0, 0.409943, 0.22, 18.9878129243, 0.0, 
0.0281066894531, -6.0, -23.0, 1.78171, -0.740343, 20.3805, 0.0, 0.409943, 0.22, 18.9878129243, 0.0, 
0.0280075073242, -6.0, -23.0, 1.78171, -0.740343, 20.3805, 0.0, 0.409943, 0.22, 18.9878129243, 0.0, 
0.0281448364258, -6.0, -23.0, -1.80772, -0.65033, 20.9311, 0.0, 0.409943, 0.22, 18.9878129243, 0.0, 
0.0263290405273, -6.0, -23.0, -1.80772, -0.65033, 20.9311, 0.0, 0.409943, 0.22, 18.9878129243, 0.0, 
0.0287246704102, -6.0, -23.0, -1.80772, -0.65033, 20.9311, 0.0, 0.362905, 0.22, 18.9878129243, 0.0, 
0.0260009765625, -6.0, -23.0, -1.80772, -0.65033, 20.9311, 0.0, 0.362905, 0.22, 18.9878129243, 0.0, 
0.0300064086914, -6.0, -23.0, -1.80772, -0.65033, 20.9311, 0.0, 0.362905, 0.22, 18.9878129243, 0.0, 
0.0301208496094, -6.0, -23.0, -1.80772, -0.65033, 20.9311, 0.0, 0.362905, 0.22, 18.9878129243, 0.0, 
0.0293350219727, -6.0, -23.0, -1.80772, -0.65033, 20.9311, 0.0, 0.362905, 0.22, 18.9878129243, 0.0, 
0.027946472168, -6.0, -23.0, -1.80772, -0.65033, 20.9311, 0.0, 0.362905, 0.22, 18.9878129243, 0.0, 
0.0290145874023, -6.0, -23.0, -3.07029, -0.28016, 21.7550, 0.0, 0.362905, 0.22, 18.9878129243, 0.0, 
0.0268402099609, -47.0, 2.0, -3.07029, -0.28016, 21.7550, 0.0, 0.197735, 0.32, 18.9878129243, 0.0, 
0.0294036865234, -47.0, 2.0, -3.07029, -0.28016, 21.7550, 0.0, 0.197735, 0.32, 18.9878129243, 0.0, 
0.0257034301758, -47.0, 2.0, -3.07029, -0.28016, 21.7550, 0.0, 0.197735, 0.32, 18.9878129243, 0.0, 
0.0289916992188, -47.0, 2.0, -3.07029, -0.28016, 21.7550, 0.0, 0.197735, 0.32, 18.9878129243, 0.0, 
0.0294418334961, -47.0, 2.0, -3.07029, -0.28016, 21.7550, 0.0, 0.197735, 0.32, 18.9878129243, 0.0, 
0.0281982421875, -47.0, 2.0, -3.07029, -0.28016, 21.7550, 0.0, 0.197735, 0.32, 18.9878129243, 0.0, 
0.0280075073242, -47.0, 2.0, -2.78925, -0.244064, 22.2307, 0.0, 0.109892, 0.32, 18.9878129243, 0.0, 
0.0269927978516, -47.0, 2.0, -2.78925, -0.244064, 22.2307, 0.0, 0.109892, 0.32, 18.9878129243, 0.0, 
0.0280609130859, -47.0, 2.0, -2.78925, -0.244064, 22.2307, 0.0, 0.109892, 0.32, 18.9878129243, 0.0, 
0.0290145874023, -47.0, 2.0, -2.78925, -0.244064, 22.2307, 0.0, 0.109892, 0.32, 18.9878129243, 0.0, 
0.0300521850586, -47.0, 2.0, -2.78925, -0.244064, 22.2307, 0.0, 0.109892, 0.32, 18.9878129243, 0.0, 
0.0290603637695, -47.0, 2.0, -2.78925, -0.244064, 22.2307, 0.0, 0.109892, 0.32, 18.9878129243, 0.0, 
0.0291748046875, -47.0, 2.0, -2.78925, -0.244064, 22.2307, 0.0, 0.109892, 0.32, 18.9878129243, 0.0, 
0.0263442993164, -47.0, 2.0, -2.09136, -0.0740285, 22.2431, 0.0, 0.109892, 0.32, 18.9878129243, 0.0, 
0.0273284912109, -47.0, 2.0, -2.09136, -0.0740285, 22.2431, 0.0, 0.109892, 0.32, 18.9878129243, 0.0, 
0.026496887207, -47.0, 2.0, -2.09136, -0.0740285, 22.2431, 0.0, 0.136221, 0.33, 18.9878129243, 0.0, 
0.0292739868164, -47.0, 2.0, -2.09136, -0.0740285, 22.2431, 0.0, 0.136221, 0.33, 18.9878129243, 0.0, 
0.0180511474609, 7.0, 20.0, -2.09136, -0.0740285, 22.2431, 0.0, 0.136221, 0.33, 18.9878129243, 0.0, 
0.0290069580078, 7.0, 20.0, -2.09136, -0.0740285, 22.2431, 0.0, 0.136221, 0.33, 18.9878129243, 0.0, 
0.0283203125, 7.0, 20.0, -2.09136, -0.0740285, 22.2431, 0.0, 0.136221, 0.33, 18.9878129243, 0.0, 
0.0285186767578, 7.0, 20.0, -2.09136, -0.0740285, 22.2431, 0.0, 0.136221, 0.33, 18.9878129243, 0.0, 
0.0278930664063, 7.0, 20.0, 0.530242, -1.55718, 22.1278, 0.0, 0.136221, 0.33, 18.9878129243, 0.0, 
0.0287857055664, 7.0, 20.0, 0.530242, -1.55718, 22.1278, 0.0, 0.136221, 0.33, 18.9878129243, 0.0, 
0.0275421142578, 7.0, 20.0, 0.530242, -1.55718, 22.1278, 0.0, 0.190587, 0.33, 18.9878129243, 0.0, 
0.0287551879883, 7.0, 20.0, 0.530242, -1.55718, 22.1278, 0.0, 0.190587, 0.33, 18.9878129243, 0.0, 
0.0284194946289, 7.0, 20.0, 0.530242, -1.55718, 22.1278, 0.0, 0.190587, 0.33, 18.9878129243, 0.0, 
0.0280914306641, 7.0, 20.0, 0.530242, -1.55718, 22.1278, 0.0, 0.190587, 0.33, 18.9878129243, 0.0, 
0.0280456542969, 7.0, 20.0, 0.530242, -1.55718, 22.1278, 0.0, 0.190587, 0.33, 18.9878129243, 0.0, 
0.0292358398438, 7.0, 20.0, 0.530242, -1.55718, 22.1278, 0.0, 0.190587, 0.33, 18.9878129243, 0.0, 
0.0261993408203, 7.0, 20.0, 3.79198, -3.99174, 21.7911, 0.0, 0.190587, 0.33, 18.9878129243, 0.0, 
0.0282745361328, 7.0, 20.0, 3.79198, -3.99174, 21.7911, 0.0, 0.0, 0.34, 18.9878129243, 0.0, 
0.0278091430664, 7.0, 20.0, 3.79198, -3.99174, 21.7911, 0.0, 0.0, 0.34, 18.9878129243, 0.0, 
0.0276947021484, 0.0, -58.0, 3.79198, -3.99174, 21.7911, 0.0, 0.0, 0.34, 18.9878129243, 0.0, 
0.0279006958008, 0.0, -58.0, 3.79198, -3.99174, 21.7911, 0.0, 0.0, 0.34, 18.9878129243, 0.0, 
0.0285720825195, 0.0, -58.0, 3.79198, -3.99174, 21.7911, 0.0, 0.0, 0.34, 18.9878129243, 0.0, 
0.0291061401367, 0.0, -58.0, 3.79198, -3.99174, 21.7911, 0.0, 0.0, 0.34, 18.9878129243, 0.0, 
0.0273513793945, 0.0, -58.0, 4.05292, -4.14285, 21.5380, 0.0, 0.0, 0.34, 18.9878129243, 0.0, 
0.0290451049805, 0.0, -58.0, 4.05292, -4.14285, 21.5380, 0.0, 0.0, 0.34, 18.9878129243, 0.0, 
0.027214050293, 0.0, -58.0, 4.05292, -4.14285, 21.5380, 0.0, 0.308812, 0.34, 18.9878129243, 0.0, 
0.0275421142578, 0.0, -58.0, 4.05292, -4.14285, 21.5380, 0.0, 0.308812, 0.34, 18.9878129243, 0.0, 
0.0288925170898, 0.0, -58.0, 4.05292, -4.14285, 21.5380, 0.0, 0.308812, 0.34, 18.9878129243, 0.0, 
0.0275115966797, 0.0, -58.0, 4.05292, -4.14285, 21.5380, 0.0, 0.308812, 0.34, 18.9878129243, 0.0, 
0.0276031494141, 0.0, -58.0, 4.05292, -4.14285, 21.5380, 0.0, 0.308812, 0.34, 18.9878129243, 0.0, 
0.0279922485352, 0.0, -58.0, 4.05292, -4.14285, 21.5380, 0.0, 0.308812, 0.34, 18.9878129243, 0.0, 
0.0259628295898, 0.0, -58.0, 3.44065, -3.72390, 21.8934, 0.0, 0.308812, 0.34, 18.9878129243, 0.0, 
0.0269927978516, 0.0, -58.0, 3.44065, -3.72390, 21.8934, 0.0, 0.439629, 0.34, 18.9878129243, 0.0, 
0.028694152832, 0.0, -58.0, 3.44065, -3.72390, 21.8934, 0.0, 0.439629, 0.34, 18.9878129243, 0.0, 
0.0424575805664, -44.0, -139.0, 3.44065, -3.72390, 21.8934, 0.0, 0.439629, 0.31, 18.9878129243, 0.0, 
0.0279846191406, -44.0, -139.0, 3.44065, -3.72390, 21.8934, 0.0, 0.439629, 0.31, 18.9878129243, 0.0, 
0.0270462036133, -44.0, -139.0, 3.44065, -3.72390, 21.8934, 0.0, 0.439629, 0.31, 18.9878129243, 0.0, 
0.0276794433594, -44.0, -139.0, 3.44065, -3.72390, 21.8934, 0.0, 0.439629, 0.31, 18.9878129243, 0.0, 
0.0270690917969, -44.0, -139.0, 3.44065, -3.72390, 21.8934, 0.0, 0.439629, 0.31, 18.9878129243, 0.0, 
0.0283432006836, -44.0, -139.0, 3.44065, -3.72390, 21.8934, 0.0, 0.439629, 0.31, 18.9878129243, 0.0, 
0.0250091552734, -44.0, -139.0, 3.36729, -2.76330, 25.1570, 0.0, 0.550771, 0.31, 18.9878129243, 0.0, 
0.026985168457, -44.0, -139.0, 3.36729, -2.76330, 25.1570, 0.0, 0.550771, 0.31, 18.9878129243, 0.0, 
0.0281219482422, -44.0, -139.0, 3.36729, -2.76330, 25.1570, 0.0, 0.550771, 0.31, 18.9878129243, 0.0, 
0.0277633666992, -44.0, -139.0, 3.36729, -2.76330, 25.1570, 0.0, 0.550771, 0.31, 18.9878129243, 0.0, 
0.0295639038086, -44.0, -139.0, 3.36729, -2.76330, 25.1570, 0.0, 0.550771, 0.31, 18.9878129243, 0.0, 
0.0282363891602, -44.0, -139.0, 3.36729, -2.76330, 25.1570, 0.0, 0.550771, 0.31, 18.9878129243, 0.0, 
0.0286102294922, -44.0, -139.0, 3.36729, -2.76330, 25.1570, 0.0, 0.550771, 0.31, 18.9878129243, 0.0, 
0.0283966064453, -44.0, -139.0, 3.36729, -2.76330, 25.1570, 0.0, 0.550771, 0.31, 18.9878129243, 0.0, 
0.0267105102539, -44.0, -139.0, 1.04883, -2.55713, 25.1663, 0.0, 0.586538, 0.31, 18.9878129243, 0.0, 
0.0285568237305, -44.0, -139.0, 1.04883, -2.55713, 25.1663, 0.0, 0.586538, 0.31, 18.9878129243, 0.0, 
0.0280609130859, -4.0, 155.0, 1.04883, -2.55713, 25.1663, 0.0, 0.0, 0.31, 18.9878129243, 0.0, 
0.0273971557617, -4.0, 155.0, 1.04883, -2.55713, 25.1663, 0.0, 0.0, 0.31, 18.9878129243, 0.0, 
0.0287094116211, -4.0, 155.0, 1.04883, -2.55713, 25.1663, 0.0, 0.0, 0.3, 18.9878129243, 0.0, 
0.027214050293, -4.0, 155.0, 1.04883, -2.55713, 25.1663, 0.0, 0.0, 0.3, 18.9878129243, 0.0, 
0.0280075073242, -4.0, 155.0, 1.04883, -2.55713, 25.1663, 0.0, 0.0, 0.3, 18.9878129243, 0.0, 
0.0280838012695, -4.0, 155.0, -0.224898, -2.84051, 22.7728, 0.0, 0.0, 0.3, 18.9878129243, 0.0, 
0.0268020629883, -4.0, 155.0, -0.224898, -2.84051, 22.7728, 0.0, 0.0, 0.3, 18.9878129243, 0.0, 
0.0284042358398, -4.0, 155.0, -0.224898, -2.84051, 22.7728, 0.0, 0.0, 0.3, 18.9878129243, 0.0, 
0.0281448364258, -4.0, 155.0, -0.224898, -2.84051, 22.7728, 0.0, 0.0, 0.3, 18.9878129243, 0.0, 
0.0265274047852, -4.0, 155.0, -0.224898, -2.84051, 22.7728, 0.0, 0.625455, 0.3, 18.9878129243, 0.0, 
0.0250625610352, -4.0, 155.0, -0.224898, -2.84051, 22.7728, 0.0, 0.625455, 0.3, 18.9878129243, 0.0, 
0.0281448364258, -4.0, 155.0, -0.224898, -2.84051, 22.7728, 0.0, 0.625455, 0.3, 18.9878129243, 0.0, 
0.028938293457, -4.0, 155.0, -0.224898, -2.84051, 22.7728, 0.0, 0.625455, 0.3, 18.9878129243, 0.0, 
0.0430450439453, -4.0, 155.0, -0.335789, -2.03321, 21.1422, 0.0, 0.625455, 0.3, 18.9878129243, 0.0, 
0.0243301391602, -4.0, 155.0, -0.335789, -2.03321, 21.1422, 0.0, 0.625455, 0.3, 18.9878129243, 0.0, 
0.0264434814453, -4.0, 155.0, -0.335789, -2.03321, 21.1422, 0.0, 0.634794, 0.3, 18.9878129243, 0.0, 
0.0282363891602, 34.0, 161.0, -0.335789, -2.03321, 21.1422, 0.0, 0.634794, 0.3, 18.9878129243, 0.0, 
0.0260772705078, 34.0, 161.0, -0.335789, -2.03321, 21.1422, 0.0, 0.634794, 0.28, 18.9878129243, 0.0, 
0.0260620117188, 34.0, 161.0, -0.335789, -2.03321, 21.1422, 0.0, 0.634794, 0.28, 18.9878129243, 0.0, 
0.0279388427734, 34.0, 161.0, -0.335789, -2.03321, 21.1422, 0.0, 0.634794, 0.28, 18.9878129243, 0.0, 
0.0281600952148, 34.0, 161.0, -0.335789, -2.03321, 21.1422, 0.0, 0.634794, 0.28, 18.9878129243, 0.0, 
0.0262298583984, 34.0, 161.0, 0.0682571, -0.569237, 21.1458, 0.0, 0.554578, 0.28, 18.9878129243, 0.0, 
0.0270462036133, 34.0, 161.0, 0.0682571, -0.569237, 21.1458, 0.0, 0.554578, 0.28, 18.9878129243, 0.0, 
0.0269927978516, 34.0, 161.0, 0.0682571, -0.569237, 21.1458, 0.0, 0.554578, 0.28, 18.9878129243, 0.0, 
0.0289688110352, 34.0, 161.0, 0.0682571, -0.569237, 21.1458, 0.0, 0.554578, 0.28, 18.9878129243, 0.0, 
0.0270767211914, 34.0, 161.0, 0.0682571, -0.569237, 21.1458, 0.0, 0.554578, 0.28, 18.9878129243, 0.0, 
0.0191345214844, 34.0, 161.0, 0.0682571, -0.569237, 21.1458, 0.0, 0.554578, 0.28, 18.9878129243, 0.0, 
0.0271148681641, 34.0, 161.0, 0.0682571, -0.569237, 21.1458, 0.0, 0.554578, 0.28, 18.9878129243, 0.0, 
0.0263442993164, 34.0, 161.0, 0.469718, -2.27509, 21.8190, 0.0, 0.554578, 0.28, 18.9878129243, 0.0, 
0.0269165039063, 34.0, 161.0, 0.469718, -2.27509, 21.8190, 0.0, 0.5462, 0.28, 18.9878129243, 0.0, 
0.0265731811523, 34.0, 161.0, 0.469718, -2.27509, 21.8190, 0.0, 0.5462, 0.28, 18.9878129243, 0.0, 
0.0271759033203, 34.0, 161.0, 0.469718, -2.27509, 21.8190, 0.0, 0.5462, 0.28, 18.9878129243, 0.0, 
0.0270614624023, -5.0, -38.0, 0.469718, -2.27509, 21.8190, 0.0, 0.5462, 0.27, 18.9878129243, 0.0, 
0.0279922485352, -5.0, -38.0, 0.469718, -2.27509, 21.8190, 0.0, 0.5462, 0.27, 18.9878129243, 0.0, 
0.0273971557617, -5.0, -38.0, 0.469718, -2.27509, 21.8190, 0.0, 0.5462, 0.27, 18.9878129243, 0.0, 
0.0280075073242, -5.0, -38.0, 0.469718, -2.27509, 21.8190, 0.0, 0.5462, 0.27, 18.9878129243, 0.0, 
0.0276718139648, -5.0, -38.0, 4.39505, -0.973543, 22.4197, 0.0, 0.5462, 0.27, 18.9878129243, 0.0, 
0.0258865356445, -5.0, -38.0, 4.39505, -0.973543, 22.4197, 0.0, 0.556912, 0.27, 18.9878129243, 0.0, 
0.0269317626953, -5.0, -38.0, 4.39505, -0.973543, 22.4197, 0.0, 0.556912, 0.27, 18.9878129243, 0.0, 
0.0269927978516, -5.0, -38.0, 4.39505, -0.973543, 22.4197, 0.0, 0.556912, 0.27, 18.9878129243, 0.0, 
0.025032043457, -5.0, -38.0, 4.39505, -0.973543, 22.4197, 0.0, 0.556912, 0.27, 18.9878129243, 0.0, 
0.0280151367188, -5.0, -38.0, 4.39505, -0.973543, 22.4197, 0.0, 0.556912, 0.27, 18.9878129243, 0.0, 
0.0272598266602, -5.0, -38.0, 4.39505, -0.973543, 22.4197, 0.0, 0.556912, 0.27, 18.9878129243, 0.0, 
0.0269546508789, -5.0, -38.0, 8.96006, 0.117288, 23.1327, 0.0, 0.556912, 0.27, 18.9878129243, 0.0, 
0.0274810791016, -5.0, -38.0, 8.96006, 0.117288, 23.1327, 0.0, 0.556912, 0.27, 18.9878129243, 0.0, 
0.0263671875, -5.0, -38.0, 8.96006, 0.117288, 23.1327, 0.0, 0.556912, 0.27, 18.9878129243, 0.0, 
0.0276107788086, -5.0, -38.0, 8.96006, 0.117288, 23.1327, 0.0, 0.646904, 0.27, 18.9878129243, 0.0, 
0.0260238647461, -5.0, -38.0, 8.96006, 0.117288, 23.1327, 0.0, 0.0, 0.27, 18.9878129243, 0.0, 
0.0284805297852, -1.0, -223.0, 8.96006, 0.117288, 23.1327, 0.0, 0.0, 0.27, 18.9878129243, 0.0, 
0.0270004272461, -1.0, -223.0, 8.96006, 0.117288, 23.1327, 0.0, 0.0, 0.27, 18.9878129243, 0.0, 
0.0271987915039, -1.0, -223.0, 8.96006, 0.117288, 23.1327, 0.0, 0.0, 0.27, 18.9878129243, 0.0, 
0.0260009765625, -1.0, -223.0, -1.88030, 0.241531, 22.3985, 0.0, 0.0, 0.27, 18.9878129243, 0.0, 
0.0279922485352, -1.0, -223.0, -1.88030, 0.241531, 22.3985, 0.0, 0.648751, 0.27, 18.9878129243, 0.0, 
0.023193359375, -1.0, -223.0, -1.88030, 0.241531, 22.3985, 0.0, 0.648751, 0.27, 18.9878129243, 0.0, 
0.0242309570313, -1.0, -223.0, -1.88030, 0.241531, 22.3985, 0.0, 0.648751, 0.27, 18.9878129243, 0.0, 
0.0303802490234, -1.0, -223.0, -1.88030, 0.241531, 22.3985, 0.0, 0.648751, 0.27, 18.9878129243, 0.0, 
0.0252456665039, -1.0, -223.0, -1.88030, 0.241531, 22.3985, 0.0, 0.648751, 0.27, 18.9878129243, 0.0, 
0.0280456542969, -1.0, -223.0, -1.88030, 0.241531, 22.3985, 0.0, 0.648751, 0.27, 18.9878129243, 0.0, 
0.0266799926758, -1.0, -223.0, -1.88030, 0.241531, 22.3985, 0.0, 0.648751, 0.27, 18.9878129243, 0.0, 
0.0259094238281, -1.0, -223.0, -5.07790, 1.0988, 21.2225, 0.0, 0.648751, 0.27, 18.9878129243, 0.0, 
0.0260238647461, -1.0, -223.0, -5.07790, 1.0988, 21.2225, 0.0, 0.648751, 0.27, 18.9878129243, 0.0, 
0.026969909668, -1.0, -223.0, -5.07790, 1.0988, 21.2225, 0.0, 0.404662, 0.27, 18.9878129243, 0.0, 
0.0251388549805, -1.0, -223.0, -5.07790, 1.0988, 21.2225, 0.0, 0.404662, 0.27, 18.9878129243, 0.0, 
0.0269775390625, 82.0, -46.0, -5.07790, 1.0988, 21.2225, 0.0, 0.404662, 0.27, 18.9878129243, 0.0, 
0.0276107788086, 82.0, -46.0, -5.07790, 1.0988, 21.2225, 0.0, 0.404662, 0.27, 18.9878129243, 0.0, 
0.0274200439453, 82.0, -46.0, -4.08134, 0.632107, 18.9414, 0.0, 0.404662, 0.29, 18.9878129243, 0.0, 
0.0266876220703, 82.0, -46.0, -4.08134, 0.632107, 18.9414, 0.0, 0.404662, 0.29, 18.9878129243, 0.0, 
0.0249099731445, 82.0, -46.0, -4.08134, 0.632107, 18.9414, 0.0, 0.191103, 0.29, 18.9878129243, 0.0, 
0.026008605957, 82.0, -46.0, -4.08134, 0.632107, 18.9414, 0.0, 0.191103, 0.29, 18.9878129243, 0.0, 
0.026008605957, 82.0, -46.0, -4.08134, 0.632107, 18.9414, 0.0, 0.191103, 0.29, 18.9878129243, 0.0, 
0.0277786254883, 82.0, -46.0, -4.08134, 0.632107, 18.9414, 0.0, 0.191103, 0.29, 18.9878129243, 0.0, 
0.0264358520508, 82.0, -46.0, -4.08134, 0.632107, 18.9414, 0.0, 0.191103, 0.29, 18.9878129243, 0.0, 
0.0264587402344, 82.0, -46.0, -4.08134, 0.632107, 18.9414, 0.0, 0.191103, 0.29, 18.9878129243, 0.0, 
0.0279235839844, 82.0, -46.0, -3.67341, 1.12083, 18.9030, 0.0, 0.191103, 0.29, 18.9878129243, 0.0, 
0.0270767211914, 82.0, -46.0, -3.67341, 1.12083, 18.9030, 0.0, 0.191103, 0.29, 18.9878129243, 0.0, 
0.0259017944336, 82.0, -46.0, -3.67341, 1.12083, 18.9030, 0.0, 0.113544, 0.29, 18.9878129243, 0.0, 
0.0270233154297, 82.0, -46.0, -3.67341, 1.12083, 18.9030, 0.0, 0.113544, 0.29, 18.9878129243, 0.0, 
0.026985168457, 82.0, -46.0, -3.67341, 1.12083, 18.9030, 0.0, 0.113544, 0.29, 18.9878129243, 0.0, 
0.0279922485352, 82.0, -46.0, -3.67341, 1.12083, 18.9030, 0.0, 0.113544, 0.29, 18.9878129243, 0.0, 
0.0279846191406, 49.0, 87.0, -3.67341, 1.12083, 18.9030, 0.0, 0.0, 0.29, 18.9878129243, 0.0, 
0.0282592773438, 49.0, 87.0, -3.67341, 1.12083, 18.9030, 0.0, 0.0, 0.28, 18.9878129243, 0.0, 
0.0264282226563, 49.0, 87.0, -2.75084, 1.99776, 20.9067, 0.0, 0.0, 0.28, 18.9878129243, 0.0, 
0.0270309448242, 49.0, 87.0, -2.75084, 1.99776, 20.9067, 0.0, 0.212261, 0.28, 18.9878129243, 0.0, 
0.0259857177734, 49.0, 87.0, -2.75084, 1.99776, 20.9067, 0.0, 0.212261, 0.28, 18.9878129243, 0.0, 
0.0240478515625, 49.0, 87.0, -2.75084, 1.99776, 20.9067, 0.0, 0.212261, 0.28, 18.9878129243, 0.0, 
0.0279922485352, 49.0, 87.0, -2.75084, 1.99776, 20.9067, 0.0, 0.212261, 0.28, 18.9878129243, 0.0, 
0.0269775390625, 49.0, 87.0, -2.75084, 1.99776, 20.9067, 0.0, 0.212261, 0.28, 18.9878129243, 0.0, 
0.0270462036133, 49.0, 87.0, -2.75084, 1.99776, 20.9067, 0.0, 0.212261, 0.28, 18.9878129243, 0.0, 
0.0254821777344, 49.0, 87.0, -2.75084, 1.99776, 20.9067, 0.0, 0.212261, 0.28, 18.9878129243, 0.0, 
0.0282669067383, 49.0, 87.0, -2.71672, 0.432509, 21.5567, 0.0, 0.212261, 0.28, 18.9878129243, 0.0, 
0.0264892578125, 49.0, 87.0, -2.71672, 0.432509, 21.5567, 0.0, 0.346337, 0.28, 18.9878129243, 0.0, 
0.0257339477539, 49.0, 87.0, -2.71672, 0.432509, 21.5567, 0.0, 0.346337, 0.28, 18.9878129243, 0.0, 
0.0254745483398, 49.0, 87.0, -2.71672, 0.432509, 21.5567, 0.0, 0.346337, 0.28, 18.9878129243, 0.0, 
0.0268020629883, 49.0, 87.0, -2.71672, 0.432509, 21.5567, 0.0, 0.346337, 0.28, 18.9878129243, 0.0, 
0.0267639160156, 49.0, 87.0, -2.71672, 0.432509, 21.5567, 0.0, 0.346337, 0.28, 18.9878129243, 0.0, 
0.0273132324219, 32.0, 243.0, -2.71672, 0.432509, 21.5567, 0.0, 0.346337, 0.28, 18.9878129243, 0.0, 
0.0278015136719, 32.0, 243.0, -2.22598, 1.24847, 22.0072, 0.0, 0.346337, 0.29, 18.9878129243, 0.0, 
0.0424423217773, 32.0, 243.0, -2.22598, 1.24847, 22.0072, 0.0, 0.461414, 0.29, 18.9878129243, 0.0, 
0.026008605957, 32.0, 243.0, -2.22598, 1.24847, 22.0072, 0.0, 0.461414, 0.29, 18.9878129243, 0.0, 
0.0241012573242, 32.0, 243.0, -2.22598, 1.24847, 22.0072, 0.0, 0.461414, 0.29, 18.9878129243, 0.0, 
0.027099609375, 32.0, 243.0, -2.22598, 1.24847, 22.0072, 0.0, 0.461414, 0.29, 18.9878129243, 0.0, 
0.0263214111328, 32.0, 243.0, -2.22598, 1.24847, 22.0072, 0.0, 0.461414, 0.29, 18.9878129243, 0.0, 
0.0270690917969, 32.0, 243.0, -2.22598, 1.24847, 22.0072, 0.0, 0.461414, 0.29, 18.9878129243, 0.0, 
0.0277786254883, 32.0, 243.0, -2.22598, 1.24847, 22.0072, 0.0, 0.461414, 0.29, 18.9878129243, 0.0, 
0.0239944458008, 32.0, 243.0, -0.0350568, 0.451519, 22.7627, 0.0, 0.461414, 0.29, 18.9878129243, 0.0, 
0.0260467529297, 32.0, 243.0, -0.0350568, 0.451519, 22.7627, 0.0, 0.487535, 0.29, 18.9878129243, 0.0, 
0.0266799926758, 32.0, 243.0, -0.0350568, 0.451519, 22.7627, 0.0, 0.487535, 0.29, 18.9878129243, 0.0, 
0.0271224975586, 32.0, 243.0, -0.0350568, 0.451519, 22.7627, 0.0, 0.487535, 0.29, 18.9878129243, 0.0, 
0.0269927978516, 32.0, 243.0, -0.0350568, 0.451519, 22.7627, 0.0, 0.487535, 0.29, 18.9878129243, 0.0, 
0.0258178710938, 32.0, 243.0, -0.0350568, 0.451519, 22.7627, 0.0, 0.487535, 0.29, 18.9878129243, 0.0, 
0.0426483154297, 70.0, -99.0, -0.0350568, 0.451519, 22.7627, 0.0, 0.487535, 0.29, 18.9878129243, 0.0, 
0.026008605957, 70.0, -99.0, 1.81156, -0.0189838, 23.1877, 0.0, 0.487535, 0.28, 18.9878129243, 0.0, 
0.0380706787109, 70.0, -99.0, 1.81156, -0.0189838, 23.1877, 0.0, 0.481235, 0.28, 18.9878129243, 0.0, 
0.0260620117188, 70.0, -99.0, 1.81156, -0.0189838, 23.1877, 0.0, 0.481235, 0.28, 18.9878129243, 0.0, 
0.0256881713867, 70.0, -99.0, 1.81156, -0.0189838, 23.1877, 0.0, 0.481235, 0.28, 18.9878129243, 0.0, 
0.0254211425781, 70.0, -99.0, 1.81156, -0.0189838, 23.1877, 0.0, 0.481235, 0.28, 18.9878129243, 0.0, 
0.0250015258789, 70.0, -99.0, 1.81156, -0.0189838, 23.1877, 0.0, 0.481235, 0.28, 18.9878129243, 0.0, 
0.0400009155273, 70.0, -99.0, 0.27119, 2.69073, 21.9347, 0.0, 0.481235, 0.28, 18.9878129243, 0.0, 
0.039306640625, 70.0, -99.0, 0.27119, 2.69073, 21.9347, 0.0, 0.516391, 0.28, 18.9878129243, 0.0, 
0.0400009155273, 70.0, -99.0, 0.27119, 2.69073, 21.9347, 0.0, 0.516391, 0.28, 18.9878129243, 0.0, 
0.0265350341797, 70.0, -99.0, 0.27119, 2.69073, 21.9347, 0.0, 0.516391, 0.28, 18.9878129243, 0.0, 
0.0249862670898, 70.0, -99.0, 0.27119, 2.69073, 21.9347, 0.0, 0.516391, 0.28, 18.9878129243, 0.0, 
0.0270080566406, 70.0, -99.0, 0.27119, 2.69073, 21.9347, 0.0, 0.516391, 0.28, 18.9878129243, 0.0, 
0.0389938354492, 70.0, -99.0, 0.27119, 2.69073, 21.9347, 0.0, 0.0, 0.28, 18.9878129243, 0.0, 
0.0249938964844, -17.0, 48.0, 1.24564, 1.23460, 20.3571, 0.0, 0.0, 0.28, 18.9878129243, 0.0, 
0.0251388549805, -17.0, 48.0, 1.24564, 1.23460, 20.3571, 0.0, 0.613532, 0.28, 18.9878129243, 0.0, 
0.0260238647461, -17.0, 48.0, 1.24564, 1.23460, 20.3571, 0.0, 0.613532, 0.28, 18.9878129243, 0.0, 
0.0378723144531, -17.0, 48.0, 1.24564, 1.23460, 20.3571, 0.0, 0.613532, 0.28, 18.9878129243, 0.0, 
0.0271072387695, -17.0, 48.0, 1.24564, 1.23460, 20.3571, 0.0, 0.613532, 0.28, 18.9878129243, 0.0, 
0.0269927978516, -17.0, 48.0, 1.24564, 1.23460, 20.3571, 0.0, 0.613532, 0.28, 18.9878129243, 0.0, 
0.0270080566406, -17.0, 48.0, 1.24564, 1.23460, 20.3571, 0.0, 0.613532, 0.28, 18.9878129243, 0.0, 
0.0260009765625, -17.0, 48.0, 1.23791, -1.29035, 21.4063, 0.0, 0.613532, 0.28, 18.9878129243, 0.0, 
0.0254440307617, -17.0, 48.0, 1.23791, -1.29035, 21.4063, 0.0, 0.598661, 0.28, 18.9878129243, 0.0, 
0.0254440307617, -17.0, 48.0, 1.23791, -1.29035, 21.4063, 0.0, 0.598661, 0.28, 18.9878129243, 0.0, 
0.0250625610352, -17.0, 48.0, 1.23791, -1.29035, 21.4063, 0.0, 0.598661, 0.28, 18.9878129243, 0.0, 
0.026008605957, -17.0, 48.0, 1.23791, -1.29035, 21.4063, 0.0, 0.598661, 0.28, 18.9878129243, 0.0, 
0.0264739990234, -17.0, 48.0, 1.23791, -1.29035, 21.4063, 0.0, 0.598661, 0.28, 18.9878129243, 0.0, 
0.0274200439453, -17.0, 48.0, 1.23791, -1.29035, 21.4063, 0.0, 0.598661, 0.28, 18.9878129243, 0.0, 
0.025993347168, -17.0, 48.0, 1.23791, -1.29035, 21.4063, 0.0, 0.598661, 0.28, 18.9878129243, 0.0, 
0.0230178833008, 61.0, -11.0, 1.43650, -1.36404, 22.5590, 0.0, 0.598661, 0.28, 18.9878129243, 0.0, 
0.0240020751953, 61.0, -11.0, 1.43650, -1.36404, 22.5590, 0.0, 0.598661, 0.28, 18.9878129243, 0.0, 
0.0390548706055, 61.0, -11.0, 1.43650, -1.36404, 22.5590, 0.0, 0.501062, 0.28, 18.9878129243, 0.0, 
0.0251998901367, 61.0, -11.0, 1.43650, -1.36404, 22.5590, 0.0, 0.501062, 0.28, 18.9878129243, 0.0, 
0.0273132324219, 61.0, -11.0, 1.43650, -1.36404, 22.5590, 0.0, 0.501062, 0.28, 18.9878129243, 0.0, 
0.0270233154297, 61.0, -11.0, 1.43650, -1.36404, 22.5590, 0.0, 0.501062, 0.28, 18.9878129243, 0.0, 
0.026237487793, 61.0, -11.0, 1.43650, -1.36404, 22.5590, 0.0, 0.501062, 0.28, 18.9878129243, 0.0, 
0.0261611938477, 61.0, -11.0, 1.43650, -1.36404, 22.5590, 0.0, 0.501062, 0.28, 18.9878129243, 0.0, 
0.0239486694336, 61.0, -11.0, 0.785223, 0.72724, 23.2630, 0.0, 0.501062, 0.28, 18.9878129243, 0.0, 
0.0260467529297, 61.0, -11.0, 0.785223, 0.72724, 23.2630, 0.0, 0.501062, 0.28, 18.9878129243, 0.0, 
0.0259475708008, 61.0, -11.0, 0.785223, 0.72724, 23.2630, 0.0, 0.513252, 0.28, 18.9878129243, 0.0, 
0.0316314697266, 61.0, -11.0, 0.785223, 0.72724, 23.2630, 0.0, 0.513252, 0.28, 18.9878129243, 0.0, 
0.0260238647461, 61.0, -11.0, 0.785223, 0.72724, 23.2630, 0.0, 0.513252, 0.28, 18.9878129243, 0.0, 
0.0270080566406, 61.0, -11.0, 0.785223, 0.72724, 23.2630, 0.0, 0.513252, 0.28, 18.9878129243, 0.0, 
0.0249481201172, 61.0, -11.0, 1.50215, 3.82369, 23.3762, 0.0, 0.513252, 0.28, 18.9878129243, 0.0, 
0.0230255126953, 96.0, -115.0, 1.50215, 3.82369, 23.3762, 0.0, 0.670067, 0.28, 18.9878129243, 0.0, 
0.026008605957, 96.0, -115.0, 1.50215, 3.82369, 23.3762, 0.0, 0.670067, 0.29, 18.9878129243, 0.0, 
0.0252914428711, 96.0, -115.0, 1.50215, 3.82369, 23.3762, 0.0, 0.670067, 0.29, 18.9878129243, 0.0, 
0.026008605957, 96.0, -115.0, 1.50215, 3.82369, 23.3762, 0.0, 0.670067, 0.29, 18.9878129243, 0.0, 
0.0265045166016, 96.0, -115.0, 1.50215, 3.82369, 23.3762, 0.0, 0.670067, 0.29, 18.9878129243, 0.0, 
0.0259017944336, 96.0, -115.0, 1.50215, 3.82369, 23.3762, 0.0, 0.670067, 0.29, 18.9878129243, 0.0, 
0.0252151489258, 96.0, -115.0, 1.50215, 3.82369, 23.3762, 0.0, 0.670067, 0.29, 18.9878129243, 0.0, 
0.0256271362305, 96.0, -115.0, 2.26503, 3.46008, 23.3473, 0.0, 0.670067, 0.29, 18.9878129243, 0.0, 
0.0236663818359, 96.0, -115.0, 2.26503, 3.46008, 23.3473, 0.0, 0.670067, 0.29, 18.9878129243, 0.0, 
0.0250549316406, 96.0, -115.0, 2.26503, 3.46008, 23.3473, 0.0, 0.857273, 0.29, 18.9878129243, 0.0, 
0.0270004272461, 96.0, -115.0, 2.26503, 3.46008, 23.3473, 0.0, 0.857273, 0.29, 18.9878129243, 0.0, 
0.0260620117188, 96.0, -115.0, 2.26503, 3.46008, 23.3473, 0.0, 0.857273, 0.29, 18.9878129243, 0.0, 
0.026611328125, 96.0, -115.0, 2.26503, 3.46008, 23.3473, 0.0, 0.857273, 0.29, 18.9878129243, 0.0, 
0.0260620117188, 96.0, -115.0, 2.26503, 3.46008, 23.3473, 0.0, 0.857273, 0.29, 18.9878129243, 0.0, 
0.0260620117188, 96.0, -115.0, 2.26503, 3.46008, 23.3473, 0.0, 0.857273, 0.29, 18.9878129243, 0.0, 
0.0248794555664, 96.0, -115.0, 2.86650, 2.24996, 23.1358, 0.0, 0.939641, 0.29, 18.9878129243, 0.0, 
0.0254974365234, 49.0, -26.0, 2.86650, 2.24996, 23.1358, 0.0, 0.939641, 0.29, 18.9878129243, 0.0, 
0.0239105224609, 49.0, -26.0, 2.86650, 2.24996, 23.1358, 0.0, 0.939641, 0.29, 18.9878129243, 0.0, 
0.0242919921875, 49.0, -26.0, 2.86650, 2.24996, 23.1358, 0.0, 0.939641, 0.29, 18.9878129243, 0.0, 
0.026008605957, 49.0, -26.0, 2.86650, 2.24996, 23.1358, 0.0, 0.939641, 0.29, 18.9878129243, 0.0, 
0.025016784668, 49.0, -26.0, 2.86650, 2.24996, 23.1358, 0.0, 0.939641, 0.29, 18.9878129243, 0.0, 
0.0231704711914, 49.0, -26.0, 2.86650, 2.24996, 23.1358, 0.0, 0.939641, 0.29, 18.9878129243, 0.0, 
0.0254058837891, 49.0, -26.0, 4.63816, 1.32229, 22.2984, 0.0, 0.939641, 0.29, 18.9878129243, 0.0, 
0.0399322509766, 49.0, -26.0, 4.63816, 1.32229, 22.2984, 0.0, 1.01122, 0.29, 18.9878129243, 0.0, 
0.0390548706055, 49.0, -26.0, 4.63816, 1.32229, 22.2984, 0.0, 1.01122, 0.29, 18.9878129243, 0.0, 
0.0240097045898, 49.0, -26.0, 4.63816, 1.32229, 22.2984, 0.0, 1.01122, 0.29, 18.9878129243, 0.0, 
0.0243301391602, 49.0, -26.0, 4.63816, 1.32229, 22.2984, 0.0, 1.01122, 0.29, 18.9878129243, 0.0, 
0.0241928100586, 49.0, -26.0, 4.63816, 1.32229, 22.2984, 0.0, 1.01122, 0.29, 18.9878129243, 0.0, 
0.0259323120117, 49.0, -26.0, 4.63816, 1.32229, 22.2984, 0.0, 1.01122, 0.29, 18.9878129243, 0.0, 
0.0369873046875, 49.0, -26.0, 4.31240, 1.58312, 21.2278, 0.0, 1.13968, 0.29, 18.9878129243, 0.0, 
0.0248031616211, 49.0, -26.0, 4.31240, 1.58312, 21.2278, 0.0, 0.0, 0.29, 18.9878129243, 0.0, 
0.0282516479492, 99.0, -284.0, 4.31240, 1.58312, 21.2278, 0.0, 0.0, 0.29, 18.9878129243, 0.0, 
0.0420150756836, 99.0, -284.0, 4.31240, 1.58312, 21.2278, 0.0, 0.0, 0.29, 18.9878129243, 0.0, 
0.0271301269531, 99.0, -284.0, 4.31240, 1.58312, 21.2278, 0.0, 0.0, 0.29, 18.9878129243, 0.0, 
0.0252990722656, 99.0, -284.0, 4.31240, 1.58312, 21.2278, 0.0, 0.0, 0.29, 18.9878129243, 0.0, 
0.0255126953125, 99.0, -284.0, 0.57663, 2.14696, 22.4602, 0.0, 0.0, 0.29, 18.9878129243, 0.0, 
0.0403671264648, 99.0, -284.0, 0.57663, 2.14696, 22.4602, 0.0, 1.17984, 0.29, 18.9878129243, 0.0, 
0.025016784668, 99.0, -284.0, 0.57663, 2.14696, 22.4602, 0.0, 1.17984, 0.29, 18.9878129243, 0.0, 
0.027099609375, 99.0, -284.0, 0.57663, 2.14696, 22.4602, 0.0, 1.17984, 0.29, 18.9878129243, 0.0, 
0.0270843505859, 99.0, -284.0, 0.57663, 2.14696, 22.4602, 0.0, 1.17984, 0.29, 18.9878129243, 0.0, 
0.0269317626953, 99.0, -284.0, 0.57663, 2.14696, 22.4602, 0.0, 1.17984, 0.29, 18.9878129243, 0.0, 
0.0270843505859, 99.0, -284.0, 0.57663, 2.14696, 22.4602, 0.0, 1.17984, 0.29, 18.9878129243, 0.0, 
0.0245666503906, 99.0, -284.0, 0.57663, 2.14696, 22.4602, 0.0, 1.17984, 0.29, 18.9878129243, 0.0, 
0.0263442993164, 99.0, -284.0, 0.57663, 2.14696, 22.4602, 0.0, 1.17984, 0.29, 18.9878129243, 0.0, 
0.0260009765625, 99.0, -284.0, -1.10170, 2.17647, 23.9379, 0.0, 1.18958, 0.29, 18.9878129243, 0.0, 
0.022705078125, 99.0, -284.0, -1.10170, 2.17647, 23.9379, 0.0, 1.18958, 0.29, 18.9878129243, 0.0, 
0.0257720947266, -32.0, 170.0, -1.10170, 2.17647, 23.9379, 0.0, 1.18958, 0.3, 18.9878129243, 0.0, 
0.0240325927734, -32.0, 170.0, -1.10170, 2.17647, 23.9379, 0.0, 1.18958, 0.3, 18.9878129243, 0.0, 
0.0241470336914, -32.0, 170.0, -1.10170, 2.17647, 23.9379, 0.0, 1.18958, 0.3, 18.9878129243, 0.0, 
0.0260009765625, -32.0, 170.0, -1.10170, 2.17647, 23.9379, 0.0, 1.18958, 0.3, 18.9878129243, 0.0, 
0.0249404907227, -32.0, 170.0, -0.122762, 1.82981, 24.1272, 0.0, 1.18958, 0.3, 18.9878129243, 0.0, 
0.0409927368164, -32.0, 170.0, -0.122762, 1.82981, 24.1272, 0.0, 1.16400, 0.3, 18.9878129243, 0.0, 
0.0250625610352, -32.0, 170.0, -0.122762, 1.82981, 24.1272, 0.0, 1.16400, 0.3, 18.9878129243, 0.0, 
0.0228805541992, -32.0, 170.0, -0.122762, 1.82981, 24.1272, 0.0, 1.16400, 0.3, 18.9878129243, 0.0, 
0.0252838134766, -32.0, 170.0, -0.122762, 1.82981, 24.1272, 0.0, 1.16400, 0.3, 18.9878129243, 0.0, 
0.0251770019531, -32.0, 170.0, -0.122762, 1.82981, 24.1272, 0.0, 1.16400, 0.3, 18.9878129243, 0.0, 
0.0250015258789, -32.0, 170.0, -0.122762, 1.82981, 24.1272, 0.0, 1.16400, 0.3, 18.9878129243, 0.0, 
0.0374145507813, -32.0, 170.0, -0.200217, 2.14511, 23.6397, 0.0, 1.16400, 0.3, 18.9878129243, 0.0, 
0.0244216918945, -32.0, 170.0, -0.200217, 2.14511, 23.6397, 0.0, 1.18215, 0.3, 18.9878129243, 0.0, 
0.0240097045898, -32.0, 170.0, -0.200217, 2.14511, 23.6397, 0.0, 1.18215, 0.3, 18.9878129243, 0.0, 
0.0402603149414, 5.0, 19.0, -0.200217, 2.14511, 23.6397, 0.0, 0.0, 0.3, 18.9878129243, 0.0, 
0.0260543823242, 5.0, 19.0, -0.200217, 2.14511, 23.6397, 0.0, 0.0, 0.3, 18.9878129243, 0.0, 
0.0243377685547, 5.0, 19.0, -0.200217, 2.14511, 23.6397, 0.0, 0.0, 0.31, 18.9878129243, 0.0, 
0.0386810302734, 5.0, 19.0, 0.782944, -1.74950, 23.1189, 0.0, 0.0, 0.31, 18.9878129243, 0.0, 
0.0250015258789, 5.0, 19.0, 0.782944, -1.74950, 23.1189, 0.0, 0.0, 0.31, 18.9878129243, 0.0, 
0.0239944458008, 5.0, 19.0, 0.782944, -1.74950, 23.1189, 0.0, 0.0, 0.31, 18.9878129243, 0.0, 
0.0391540527344, 5.0, 19.0, 0.782944, -1.74950, 23.1189, 0.0, 1.15810, 0.31, 18.9878129243, 0.0, 
0.0255889892578, 5.0, 19.0, 0.782944, -1.74950, 23.1189, 0.0, 1.15810, 0.31, 18.9878129243, 0.0, 
0.0249938964844, 5.0, 19.0, 0.782944, -1.74950, 23.1189, 0.0, 1.15810, 0.31, 18.9878129243, 0.0, 
0.0263824462891, 5.0, 19.0, 0.782944, -1.74950, 23.1189, 0.0, 1.15810, 0.31, 18.9878129243, 0.0, 
0.0359420776367, 5.0, 19.0, 1.08242, 1.61714, 22.5585, 0.0, 1.15810, 0.31, 18.9878129243, 0.0, 
0.0250015258789, 5.0, 19.0, 1.08242, 1.61714, 22.5585, 0.0, 1.15810, 0.31, 18.9878129243, 0.0, 
0.0257110595703, 5.0, 19.0, 1.08242, 1.61714, 22.5585, 0.0, 1.13441, 0.31, 18.9878129243, 0.0, 
0.0247573852539, 5.0, 19.0, 1.08242, 1.61714, 22.5585, 0.0, 1.13441, 0.31, 18.9878129243, 0.0, 
0.0260467529297, 5.0, 19.0, 1.08242, 1.61714, 22.5585, 0.0, 1.13441, 0.31, 18.9878129243, 0.0, 
0.0245132446289, 38.0, -229.0, 1.08242, 1.61714, 22.5585, 0.0, 1.13441, 0.31, 18.9878129243, 0.0, 
0.0254287719727, 38.0, -229.0, 1.08242, 1.61714, 22.5585, 0.0, 1.13441, 0.3, 18.9878129243, 0.0, 
0.0289916992188, 38.0, -229.0, 1.06584, 2.21469, 22.1649, 0.0, 1.13441, 0.3, 18.9878129243, 0.0, 
0.0376434326172, 38.0, -229.0, 1.06584, 2.21469, 22.1649, 0.0, 1.13441, 0.3, 18.9878129243, 0.0, 
0.037353515625, 38.0, -229.0, 1.06584, 2.21469, 22.1649, 0.0, 1.13976, 0.3, 18.9878129243, 0.0, 
0.0400619506836, 38.0, -229.0, 1.06584, 2.21469, 22.1649, 0.0, 1.13976, 0.3, 18.9878129243, 0.0, 
0.0249938964844, 38.0, -229.0, 1.06584, 2.21469, 22.1649, 0.0, 1.13976, 0.3, 18.9878129243, 0.0, 
0.0349960327148, 38.0, -229.0, 1.06584, 2.21469, 22.1649, 0.0, 1.13976, 0.3, 18.9878129243, 0.0, 
0.0400543212891, 38.0, -229.0, 1.08129, 2.28659, 22.7251, 0.0, 1.13976, 0.3, 18.9878129243, 0.0, 
0.0253829956055, 38.0, -229.0, 1.08129, 2.28659, 22.7251, 0.0, 1.13976, 0.3, 18.9878129243, 0.0, 
0.0348510742188, 38.0, -229.0, 1.08129, 2.28659, 22.7251, 0.0, 1.19039, 0.3, 18.9878129243, 0.0, 
0.0335998535156, 38.0, -229.0, 1.08129, 2.28659, 22.7251, 0.0, 0.0, 0.3, 18.9878129243, 0.0, 
0.0340118408203, -28.0, -28.0, 1.08129, 2.28659, 22.7251, 0.0, 0.0, 0.31, 18.9878129243, 0.0, 
0.026008605957, -28.0, -28.0, 1.08129, 2.28659, 22.7251, 0.0, 0.0, 0.31, 18.9878129243, 0.0, 
0.0410003662109, -28.0, -28.0, 1.36036, 1.62570, 23.6670, 0.0, 1.19695, 0.31, 18.9878129243, 0.0, 
0.0260620117188, -28.0, -28.0, 1.36036, 1.62570, 23.6670, 0.0, 1.19695, 0.31, 18.9878129243, 0.0, 
0.0252380371094, -28.0, -28.0, 1.36036, 1.62570, 23.6670, 0.0, 1.19695, 0.31, 18.9878129243, 0.0, 
0.0230026245117, -28.0, -28.0, 1.36036, 1.62570, 23.6670, 0.0, 1.19695, 0.31, 18.9878129243, 0.0, 
0.02587890625, -28.0, -28.0, 1.36036, 1.62570, 23.6670, 0.0, 1.19695, 0.31, 18.9878129243, 0.0, 
0.0244674682617, -28.0, -28.0, 1.36036, 1.62570, 23.6670, 0.0, 1.19695, 0.31, 18.9878129243, 0.0, 
0.0389862060547, -28.0, -28.0, -0.299689, -0.0691811, 24.7890, 0.0, 1.19695, 0.31, 18.9878129243, 0.0, 
0.0382537841797, -28.0, -28.0, -0.299689, -0.0691811, 24.7890, 0.0, 1.15139, 0.31, 18.9878129243, 0.0, 
0.0259399414063, -28.0, -28.0, -0.299689, -0.0691811, 24.7890, 0.0, 1.15139, 0.31, 18.9878129243, 0.0, 
0.0249404907227, -28.0, -28.0, -0.299689, -0.0691811, 24.7890, 0.0, 1.15139, 0.31, 18.9878129243, 0.0, 
0.0248565673828, -28.0, -28.0, -0.299689, -0.0691811, 24.7890, 0.0, 1.15139, 0.31, 18.9878129243, 0.0, 
0.0233993530273, 51.0, 88.0, -0.299689, -0.0691811, 24.7890, 0.0, 1.15139, 0.31, 18.9878129243, 0.0, 
0.0390319824219, 51.0, 88.0, -0.299689, -0.0691811, 24.7890, 0.0, 1.15139, 0.3, 18.9878129243, 0.0, 
0.024299621582, 51.0, 88.0, -2.63131, -2.41283, 25.0992, 0.0, 1.15139, 0.3, 18.9878129243, 0.0, 
0.0351715087891, 51.0, 88.0, -2.63131, -2.41283, 25.0992, 0.0, 0.986352, 0.3, 18.9878129243, 0.0, 
0.0404357910156, 51.0, 88.0, -2.63131, -2.41283, 25.0992, 0.0, 0.986352, 0.3, 18.9878129243, 0.0, 
0.0375061035156, 51.0, 88.0, -2.63131, -2.41283, 25.0992, 0.0, 0.986352, 0.3, 18.9878129243, 0.0, 
0.0386123657227, 51.0, 88.0, -2.63131, -2.41283, 25.0992, 0.0, 0.986352, 0.3, 18.9878129243, 0.0, 
0.0241928100586, 51.0, 88.0, -4.00368, -2.23411, 24.3728, 0.0, 0.986352, 0.3, 18.9878129243, 0.0, 
0.039794921875, 51.0, 88.0, -4.00368, -2.23411, 24.3728, 0.0, 0.782126, 0.3, 18.9878129243, 0.0, 
0.0388946533203, 51.0, 88.0, -4.00368, -2.23411, 24.3728, 0.0, 0.782126, 0.3, 18.9878129243, 0.0, 
0.0380401611328, 51.0, 88.0, -4.00368, -2.23411, 24.3728, 0.0, 0.782126, 0.3, 18.9878129243, 0.0, 
0.0399856567383, 51.0, 88.0, -4.00368, -2.23411, 24.3728, 0.0, 0.0, 0.3, 18.9878129243, 0.0, 
0.0379638671875, -8.0, 8.0, -4.00368, -2.23411, 24.3728, 0.0, 0.0, 0.31, 18.9878129243, 0.0, 
0.0239868164063, -8.0, 8.0, -2.50764, -0.782008, 23.2423, 0.0, 0.0, 0.31, 18.9878129243, 0.0, 
0.0400085449219, -8.0, 8.0, -2.50764, -0.782008, 23.2423, 0.0, 0.631063, 0.31, 18.9878129243, 0.0, 
0.0390243530273, -8.0, 8.0, -2.50764, -0.782008, 23.2423, 0.0, 0.631063, 0.31, 18.9878129243, 0.0, 
0.0370407104492, -8.0, 8.0, -2.50764, -0.782008, 23.2423, 0.0, 0.631063, 0.31, 18.9878129243, 0.0, 
0.023551940918, -8.0, 8.0, -2.50764, -0.782008, 23.2423, 0.0, 0.631063, 0.31, 18.9878129243, 0.0, 
0.0383987426758, -8.0, 8.0, -2.50764, -0.782008, 23.2423, 0.0, 0.631063, 0.31, 18.9878129243, 0.0, 
0.0247039794922, -8.0, 8.0, 3.79835, 0.248598, 23.1821, 0.0, 0.631063, 0.31, 18.9878129243, 0.0, 
0.037956237793, -8.0, 8.0, 3.79835, 0.248598, 23.1821, 0.0, 0.532207, 0.31, 18.9878129243, 0.0, 
0.0360794067383, -8.0, 8.0, 3.79835, 0.248598, 23.1821, 0.0, 0.532207, 0.31, 18.9878129243, 0.0, 
0.0241394042969, -8.0, 8.0, 3.79835, 0.248598, 23.1821, 0.0, 0.532207, 0.31, 18.9878129243, 0.0, 
0.0390167236328, -8.0, 8.0, 3.79835, 0.248598, 23.1821, 0.0, 0.532207, 0.31, 18.9878129243, 0.0, 
0.025505065918, 8.0, 66.0, 3.79835, 0.248598, 23.1821, 0.0, 0.532207, 0.31, 18.9878129243, 0.0, 
0.0404968261719, 8.0, 66.0, 0.875298, -1.10165, 23.1630, 0.0, 0.449515, 0.3, 18.9878129243, 0.0, 
0.0377044677734, 8.0, 66.0, 0.875298, -1.10165, 23.1630, 0.0, 0.449515, 0.3, 18.9878129243, 0.0, 
0.0249481201172, 8.0, 66.0, 0.875298, -1.10165, 23.1630, 0.0, 0.449515, 0.3, 18.9878129243, 0.0, 
0.0380401611328, 8.0, 66.0, 0.875298, -1.10165, 23.1630, 0.0, 0.449515, 0.3, 18.9878129243, 0.0, 
0.0363311767578, 8.0, 66.0, 0.875298, -1.10165, 23.1630, 0.0, 0.449515, 0.3, 18.9878129243, 0.0, 
0.0246276855469, 8.0, 66.0, 0.176145, 0.66385, 22.5899, 0.0, 0.449515, 0.3, 18.9878129243, 0.0, 
0.0370559692383, 8.0, 66.0, 0.176145, 0.66385, 22.5899, 0.0, 0.429288, 0.3, 18.9878129243, 0.0, 
0.0382843017578, 8.0, 66.0, 0.176145, 0.66385, 22.5899, 0.0, 0.429288, 0.3, 18.9878129243, 0.0, 
0.0381317138672, 8.0, 66.0, 0.176145, 0.66385, 22.5899, 0.0, 0.429288, 0.3, 18.9878129243, 0.0, 
0.0383224487305, 8.0, 66.0, 0.176145, 0.66385, 22.5899, 0.0, 0.429288, 0.3, 18.9878129243, 0.0, 
0.0239868164063, 8.0, 66.0, 0.176145, 0.66385, 22.5899, 0.0, 0.429288, 0.3, 18.9878129243, 0.0, 
0.0410537719727, 40.0, -13.0, 1.49094, 1.12156, 20.2260, 0.0, 0.0, 0.3, 18.9878129243, 0.0, 
0.0381317138672, 40.0, -13.0, 1.49094, 1.12156, 20.2260, 0.0, 0.433715, 0.31, 18.9878129243, 0.0, 
0.0500106811523, 40.0, -13.0, 1.49094, 1.12156, 20.2260, 0.0, 0.433715, 0.31, 18.9878129243, 0.0, 
0.0239334106445, 40.0, -13.0, 1.49094, 1.12156, 20.2260, 0.0, 0.433715, 0.31, 18.9878129243, 0.0, 
0.0269622802734, 40.0, -13.0, 1.49094, 1.12156, 20.2260, 0.0, 0.433715, 0.31, 18.9878129243, 0.0, 
0.0260238647461, 40.0, -13.0, 1.49094, 1.12156, 20.2260, 0.0, 0.433715, 0.31, 18.9878129243, 0.0, 
0.0265655517578, 40.0, -13.0, 1.49094, 1.12156, 20.2260, 0.0, 0.433715, 0.31, 18.9878129243, 0.0, 
0.026969909668, 40.0, -13.0, 1.03919, -0.820251, 20.0704, 0.0, 0.433715, 0.31, 18.9878129243, 0.0, 
0.027214050293, 40.0, -13.0, 1.03919, -0.820251, 20.0704, 0.0, 0.391369, 0.31, 18.9878129243, 0.0, 
0.0409851074219, 40.0, -13.0, 1.03919, -0.820251, 20.0704, 0.0, 0.391369, 0.31, 18.9878129243, 0.0, 
0.0249786376953, 40.0, -13.0, 1.03919, -0.820251, 20.0704, 0.0, 0.391369, 0.31, 18.9878129243, 0.0, 
0.0249328613281, 40.0, -13.0, 1.03919, -0.820251, 20.0704, 0.0, 0.391369, 0.31, 18.9878129243, 0.0, 
0.0255432128906, 40.0, -13.0, 1.03919, -0.820251, 20.0704, 0.0, 0.391369, 0.31, 18.9878129243, 0.0, 
0.0400009155273, -68.0, 128.0, 1.26547, -1.85078, 27.4754, 0.0, 0.391369, 0.31, 18.9878129243, 0.0, 
0.036491394043, -68.0, 128.0, 1.26547, -1.85078, 27.4754, 0.0, 0.279785, 0.3, 18.9878129243, 0.0, 
0.0389404296875, -68.0, 128.0, 1.26547, -1.85078, 27.4754, 0.0, 0.279785, 0.3, 18.9878129243, 0.0, 
0.0390701293945, -68.0, 128.0, 1.26547, -1.85078, 27.4754, 0.0, 0.279785, 0.3, 18.9878129243, 0.0, 
0.0394744873047, -68.0, 128.0, 1.26547, -1.85078, 27.4754, 0.0, 0.279785, 0.3, 18.9878129243, 0.0, 
0.036003112793, -68.0, 128.0, 1.49952, -2.26537, 29.4900, 0.0, 0.279785, 0.3, 18.9878129243, 0.0, 
0.038948059082, -68.0, 128.0, 1.49952, -2.26537, 29.4900, 0.0, 0.325881, 0.3, 18.9878129243, 0.0, 
0.0379791259766, -68.0, 128.0, 1.49952, -2.26537, 29.4900, 0.0, 0.325881, 0.3, 18.9878129243, 0.0, 
0.0384292602539, -68.0, 128.0, 1.49952, -2.26537, 29.4900, 0.0, 0.325881, 0.3, 18.9878129243, 0.0, 
0.0392913818359, -68.0, 128.0, 1.49952, -2.26537, 29.4900, 0.0, 0.325881, 0.3, 18.9878129243, 0.0, 
0.0250473022461, -68.0, 128.0, 1.49952, -2.26537, 29.4900, 0.0, 0.325881, 0.3, 18.9878129243, 0.0, 
0.0394973754883, 101.0, 24.0, 2.18194, -2.88277, 25.8854, 0.0, 0.325881, 0.3, 18.9878129243, 0.0, 
0.0390167236328, 101.0, 24.0, 2.18194, -2.88277, 25.8854, 0.0, 0.398348, 0.3, 18.9878129243, 0.0, 
0.0361328125, 101.0, 24.0, 2.18194, -2.88277, 25.8854, 0.0, 0.398348, 0.3, 18.9878129243, 0.0, 
0.0364761352539, 101.0, 24.0, 2.18194, -2.88277, 25.8854, 0.0, 0.398348, 0.3, 18.9878129243, 0.0, 
0.0388717651367, 101.0, 24.0, 2.18194, -2.88277, 25.8854, 0.0, 0.398348, 0.3, 18.9878129243, 0.0, 
0.0389862060547, 101.0, 24.0, 2.18194, -2.88277, 25.8854, 0.0, 0.398348, 0.3, 18.9878129243, 0.0, 
0.0390167236328, 101.0, 24.0, 2.96996, -4.26765, 22.0435, 0.0, 0.546303, 0.3, 18.9878129243, 0.0, 
0.0376739501953, 101.0, 24.0, 2.96996, -4.26765, 22.0435, 0.0, 0.546303, 0.3, 18.9878129243, 0.0, 
0.0410232543945, 101.0, 24.0, 2.96996, -4.26765, 22.0435, 0.0, 0.546303, 0.3, 18.9878129243, 0.0, 
0.0382843017578, 101.0, 24.0, 2.96996, -4.26765, 22.0435, 0.0, 0.546303, 0.3, 18.9878129243, 0.0, 
0.0402145385742, 101.0, 24.0, 3.11221, -5.36211, 20.7635, 0.0, 0.0, 0.3, 18.9878129243, 0.0, 
0.0399169921875, 101.0, 24.0, 3.11221, -5.36211, 20.7635, 0.0, 0.0, 0.3, 18.9878129243, 0.0, 
0.0316772460938, -12.0, 101.0, 3.11221, -5.36211, 20.7635, 0.0, 0.750029, 0.29, 18.9878129243, 0.0, 
0.039306640625, -12.0, 101.0, 3.11221, -5.36211, 20.7635, 0.0, 0.750029, 0.29, 18.9878129243, 0.0, 
0.0395126342773, -12.0, 101.0, 3.11221, -5.36211, 20.7635, 0.0, 0.750029, 0.29, 18.9878129243, 0.0, 
0.0383071899414, -12.0, 101.0, 1.31215, -3.75913, 21.4882, 0.0, 0.750029, 0.29, 18.9878129243, 0.0, 
0.0396041870117, -12.0, 101.0, 1.31215, -3.75913, 21.4882, 0.0, 0.908828, 0.29, 18.9878129243, 0.0, 
0.0383758544922, -12.0, 101.0, 1.31215, -3.75913, 21.4882, 0.0, 0.908828, 0.29, 18.9878129243, 0.0, 
0.0400085449219, -12.0, 101.0, 1.31215, -3.75913, 21.4882, 0.0, 0.908828, 0.29, 18.9878129243, 0.0, 
0.0411987304688, -12.0, 101.0, 1.31215, -3.75913, 21.4882, 0.0, 0.908828, 0.29, 18.9878129243, 0.0, 
0.0390014648438, -12.0, 101.0, 0.00645933, -1.46527, 21.0254, 0.0, 0.908828, 0.29, 18.9878129243, 0.0, 
0.0389938354492, -12.0, 101.0, 0.00645933, -1.46527, 21.0254, 0.0, 0.936351, 0.29, 18.9878129243, 0.0, 
0.0381698608398, 2.0, -146.0, 0.00645933, -1.46527, 21.0254, 0.0, 0.936351, 0.29, 18.9878129243, 0.0, 
0.0399475097656, 2.0, -146.0, 0.00645933, -1.46527, 21.0254, 0.0, 0.936351, 0.29, 18.9878129243, 0.0, 
0.0403137207031, 2.0, -146.0, 0.00645933, -1.46527, 21.0254, 0.0, 0.936351, 0.29, 18.9878129243, 0.0, 
0.0391159057617, 2.0, -146.0, -0.933474, 0.580003, 20.0979, 0.0, 0.936351, 0.29, 18.9878129243, 0.0, 
0.0350494384766, 2.0, -146.0, -0.933474, 0.580003, 20.0979, 0.0, 0.878728, 0.29, 18.9878129243, 0.0, 
0.0373001098633, 2.0, -146.0, -0.933474, 0.580003, 20.0979, 0.0, 0.878728, 0.29, 18.9878129243, 0.0, 
0.0399703979492, 2.0, -146.0, -0.933474, 0.580003, 20.0979, 0.0, 0.878728, 0.29, 18.9878129243, 0.0, 
0.0390853881836, 2.0, -146.0, -0.933474, 0.580003, 20.0979, 0.0, 0.878728, 0.29, 18.9878129243, 0.0, 
0.0387802124023, 2.0, -146.0, -0.933474, 0.580003, 20.0979, 0.0, 0.878728, 0.29, 18.9878129243, 0.0, 
0.0393371582031, 2.0, -146.0, -4.52672, 1.90451, 20.8565, 0.0, 0.878728, 0.29, 18.9878129243, 0.0, 
0.0410614013672, 65.0, -57.0, -4.52672, 1.90451, 20.8565, 0.0, 0.0, 0.29, 18.9878129243, 0.0, 
0.0399780273438, 65.0, -57.0, -4.52672, 1.90451, 20.8565, 0.0, 0.0, 0.3, 18.9878129243, 0.0, 
0.0400466918945, 65.0, -57.0, -4.52672, 1.90451, 20.8565, 0.0, 0.0, 0.3, 18.9878129243, 0.0, 
0.0381317138672, 65.0, -57.0, -4.52672, 1.90451, 20.8565, 0.0, 0.0, 0.3, 18.9878129243, 0.0, 
0.0388870239258, 65.0, -57.0, -6.08198, 2.03014, 21.9759, 0.0, 0.465102, 0.3, 18.9878129243, 0.0, 
0.0383453369141, 65.0, -57.0, -6.08198, 2.03014, 21.9759, 0.0, 0.465102, 0.3, 18.9878129243, 0.0, 
0.0390014648438, 65.0, -57.0, -6.08198, 2.03014, 21.9759, 0.0, 0.465102, 0.3, 18.9878129243, 0.0, 
0.0362930297852, 65.0, -57.0, -6.08198, 2.03014, 21.9759, 0.0, 0.465102, 0.3, 18.9878129243, 0.0, 
0.0378875732422, 65.0, -57.0, -4.44687, 1.01343, 22.5914, 0.0, 0.465102, 0.3, 18.9878129243, 0.0, 
0.0396118164063, 65.0, -57.0, -4.44687, 1.01343, 22.5914, 0.0, 0.371695, 0.3, 18.9878129243, 0.0, 
0.0412979125977, 29.0, -176.0, -4.44687, 1.01343, 22.5914, 0.0, 0.371695, 0.3, 18.9878129243, 0.0, 
0.0375061035156, 29.0, -176.0, -4.44687, 1.01343, 22.5914, 0.0, 0.371695, 0.31, 18.9878129243, 0.0, 
0.0390014648438, 29.0, -176.0, -4.44687, 1.01343, 22.5914, 0.0, 0.371695, 0.31, 18.9878129243, 0.0, 
0.039909362793, 29.0, -176.0, 2.31760, 0.657848, 23.4048, 0.0, 0.371695, 0.31, 18.9878129243, 0.0, 
0.0386123657227, 29.0, -176.0, 2.31760, 0.657848, 23.4048, 0.0, 0.271468, 0.31, 18.9878129243, 0.0, 
0.039794921875, 29.0, -176.0, 2.31760, 0.657848, 23.4048, 0.0, 0.271468, 0.31, 18.9878129243, 0.0, 
0.0386657714844, 29.0, -176.0, 2.31760, 0.657848, 23.4048, 0.0, 0.271468, 0.31, 18.9878129243, 0.0, 
0.0388107299805, 29.0, -176.0, 2.31760, 0.657848, 23.4048, 0.0, 0.271468, 0.31, 18.9878129243, 0.0, 
0.0389404296875, 29.0, -176.0, 2.31760, 0.657848, 23.4048, 0.0, 0.271468, 0.31, 18.9878129243, 0.0, 
0.0339508056641, 29.0, -176.0, 4.86767, 3.16766, 33.6062, 0.0, 0.479415, 0.31, 18.9878129243, 0.0, 
0.052864074707, 29.0, -176.0, 4.86767, 3.16766, 33.6062, 0.0, 0.0, 0.31, 18.9878129243, 0.0, 
0.0399475097656, -142.0, 644.0, 4.86767, 3.16766, 33.6062, 0.0, 0.0, 0.3, 18.9878129243, 0.0, 
0.0381393432617, -142.0, 644.0, 4.86767, 3.16766, 33.6062, 0.0, 0.0, 0.3, 18.9878129243, 0.0, 
0.0379409790039, -142.0, 644.0, 4.83422, 1.41722, 36.3601, 0.0, 0.0, 0.3, 18.9878129243, 0.0, 
0.0363235473633, -142.0, 644.0, 4.83422, 1.41722, 36.3601, 0.0, 0.95522, 0.3, 18.9878129243, 0.0, 
0.0379791259766, -142.0, 644.0, 4.83422, 1.41722, 36.3601, 0.0, 0.95522, 0.3, 18.9878129243, 0.0, 
0.0400619506836, -142.0, 644.0, 4.83422, 1.41722, 36.3601, 0.0, 0.95522, 0.3, 18.9878129243, 0.0, 
0.0390014648438, -142.0, 644.0, 4.83422, 1.41722, 36.3601, 0.0, 0.95522, 0.3, 18.9878129243, 0.0, 
0.0380630493164, -142.0, 644.0, 2.70865, -2.55404, 33.0756, 0.0, 0.95522, 0.3, 18.9878129243, 0.0, 
0.036994934082, -142.0, 644.0, 2.70865, -2.55404, 33.0756, 0.0, 1.00408, 0.3, 18.9878129243, 0.0, 
0.0400009155273, -142.0, 644.0, 2.70865, -2.55404, 33.0756, 0.0, 1.00408, 0.3, 18.9878129243, 0.0, 
0.041015625, -3.0, 101.0, 2.70865, -2.55404, 33.0756, 0.0, 1.00408, 0.3, 18.9878129243, 0.0, 
0.0389556884766, -3.0, 101.0, 2.70865, -2.55404, 33.0756, 0.0, 1.00408, 0.31, 18.9878129243, 0.0, 
0.0399932861328, -3.0, 101.0, -3.46926, -2.27685, 27.0719, 0.0, 1.00408, 0.31, 18.9878129243, 0.0, 
0.0389862060547, -3.0, 101.0, -3.46926, -2.27685, 27.0719, 0.0, 0.837833, 0.31, 18.9878129243, 0.0, 
0.0388107299805, -3.0, 101.0, -3.46926, -2.27685, 27.0719, 0.0, 0.837833, 0.31, 18.9878129243, 0.0, 
0.0250015258789, -3.0, 101.0, -3.46926, -2.27685, 27.0719, 0.0, 0.837833, 0.31, 18.9878129243, 0.0, 
0.0410614013672, -3.0, 101.0, -3.46926, -2.27685, 27.0719, 0.0, 0.837833, 0.31, 18.9878129243, 0.0, 
0.0399932861328, -3.0, 101.0, -3.46926, -2.27685, 27.0719, 0.0, 0.837833, 0.31, 18.9878129243, 0.0, 
0.0380630493164, -3.0, 101.0, -5.86312, -0.368756, 23.5175, 0.0, 0.837833, 0.31, 18.9878129243, 0.0, 
0.0526580810547, -3.0, 101.0, -5.86312, -0.368756, 23.5175, 0.0, 0.566854, 0.31, 18.9878129243, 0.0, 
0.0395126342773, -3.0, 101.0, -5.86312, -0.368756, 23.5175, 0.0, 0.566854, 0.31, 18.9878129243, 0.0, 
0.0391006469727, -22.0, 45.0, -5.86312, -0.368756, 23.5175, 0.0, 0.566854, 0.31, 18.9878129243, 0.0, 
0.0368118286133, -22.0, 45.0, -5.86312, -0.368756, 23.5175, 0.0, 0.566854, 0.31, 18.9878129243, 0.0, 
0.0379943847656, -22.0, 45.0, -4.86744, 0.483606, 22.4728, 0.0, 0.308736, 0.31, 18.9878129243, 0.0, 
0.0388488769531, -22.0, 45.0, -4.86744, 0.483606, 22.4728, 0.0, 0.308736, 0.31, 18.9878129243, 0.0, 
0.0390396118164, -22.0, 45.0, -4.86744, 0.483606, 22.4728, 0.0, 0.308736, 0.31, 18.9878129243, 0.0, 
0.0383071899414, -22.0, 45.0, -4.86744, 0.483606, 22.4728, 0.0, 0.308736, 0.31, 18.9878129243, 0.0, 
0.0372924804688, -22.0, 45.0, -4.86744, 0.483606, 22.4728, 0.0, 0.308736, 0.31, 18.9878129243, 0.0, 
0.0367889404297, -22.0, 45.0, -3.06894, -0.203977, 21.8079, 0.0, 0.308736, 0.31, 18.9878129243, 0.0, 
0.0370025634766, -22.0, 45.0, -3.06894, -0.203977, 21.8079, 0.0, 0.124032, 0.31, 18.9878129243, 0.0, 
0.0400466918945, -22.0, 45.0, -3.06894, -0.203977, 21.8079, 0.0, 0.124032, 0.31, 18.9878129243, 0.0, 
0.0380630493164, 2.0, -302.0, -3.06894, -0.203977, 21.8079, 0.0, 0.0, 0.31, 18.9878129243, 0.0, 
0.0349044799805, 2.0, -302.0, 1.72871, -2.75598, 21.5081, 0.0, 0.0, 0.33, 18.9878129243, 0.0, 
0.0380554199219, 2.0, -302.0, 1.72871, -2.75598, 21.5081, 0.0, 0.0756989, 0.33, 18.9878129243, 0.0, 
0.0395889282227, 2.0, -302.0, 1.72871, -2.75598, 21.5081, 0.0, 0.0756989, 0.33, 18.9878129243, 0.0, 
0.0376968383789, 2.0, -302.0, 1.72871, -2.75598, 21.5081, 0.0, 0.0756989, 0.33, 18.9878129243, 0.0, 
0.036003112793, 2.0, -302.0, 1.72871, -2.75598, 21.5081, 0.0, 0.0756989, 0.33, 18.9878129243, 0.0, 
0.0370407104492, 2.0, -302.0, 1.72871, -2.75598, 21.5081, 0.0, 0.0756989, 0.33, 18.9878129243, 0.0, 
0.0374526977539, 2.0, -302.0, 3.3154, 0.89149, 23.3651, 0.0, 0.291715, 0.33, 18.9878129243, 0.0, 
0.0392990112305, 2.0, -302.0, 3.3154, 0.89149, 23.3651, 0.0, 0.291715, 0.33, 18.9878129243, 0.0, 
0.0379943847656, 2.0, -302.0, 3.3154, 0.89149, 23.3651, 0.0, 0.291715, 0.33, 18.9878129243, 0.0, 
0.0381164550781, 2.0, -302.0, 3.3154, 0.89149, 23.3651, 0.0, 0.291715, 0.33, 18.9878129243, 0.0, 
0.0399703979492, -14.0, 313.0, 3.3154, 0.89149, 23.3651, 0.0, 0.291715, 0.33, 18.9878129243, 0.0, 
0.0371246337891, -14.0, 313.0, 2.43256, 1.05609, 27.4525, 0.0, 0.291715, 0.31, 18.9878129243, 0.0, 
0.0370712280273, -14.0, 313.0, 2.43256, 1.05609, 27.4525, 0.0, 0.60618, 0.31, 18.9878129243, 0.0, 
0.0390548706055, -14.0, 313.0, 2.43256, 1.05609, 27.4525, 0.0, 0.60618, 0.31, 18.9878129243, 0.0, 
0.0381698608398, -14.0, 313.0, 2.43256, 1.05609, 27.4525, 0.0, 0.60618, 0.31, 18.9878129243, 0.0, 
0.0387954711914, -14.0, 313.0, 2.43256, 1.05609, 27.4525, 0.0, 0.60618, 0.31, 18.9878129243, 0.0, 
0.038703918457, -14.0, 313.0, 3.84391, -2.73945, 31.2778, 0.0, 0.60618, 0.31, 18.9878129243, 0.0, 
0.0398330688477, -14.0, 313.0, 3.84391, -2.73945, 31.2778, 0.0, 0.712995, 0.31, 18.9878129243, 0.0, 
0.0375442504883, -14.0, 313.0, 3.84391, -2.73945, 31.2778, 0.0, 0.712995, 0.31, 18.9878129243, 0.0, 
0.0300598144531, -14.0, 313.0, 3.84391, -2.73945, 31.2778, 0.0, 0.712995, 0.31, 18.9878129243, 0.0, 
0.0375061035156, -14.0, 313.0, 3.84391, -2.73945, 31.2778, 0.0, 0.712995, 0.31, 18.9878129243, 0.0, 
0.0390014648438, -18.0, 197.0, 3.84391, -2.73945, 31.2778, 0.0, 0.712995, 0.31, 18.9878129243, 0.0, 
0.0337295532227, -18.0, 197.0, -0.118063, -0.974329, 29.4098, 0.0, 0.678169, 0.32, 18.9878129243, 0.0, 
0.0384750366211, -18.0, 197.0, -0.118063, -0.974329, 29.4098, 0.0, 0.678169, 0.32, 18.9878129243, 0.0, 
0.0375366210938, -18.0, 197.0, -0.118063, -0.974329, 29.4098, 0.0, 0.678169, 0.32, 18.9878129243, 0.0, 
0.0390701293945, -18.0, 197.0, -0.118063, -0.974329, 29.4098, 0.0, 0.678169, 0.32, 18.9878129243, 0.0, 
0.0378875732422, -18.0, 197.0, -1.69101, -0.325342, 24.6428, 0.0, 0.678169, 0.32, 18.9878129243, 0.0, 
0.0374374389648, -18.0, 197.0, -1.69101, -0.325342, 24.6428, 0.0, 0.557459, 0.32, 18.9878129243, 0.0, 
0.040153503418, -18.0, 197.0, -1.69101, -0.325342, 24.6428, 0.0, 0.557459, 0.32, 18.9878129243, 0.0, 
0.052978515625, -18.0, 197.0, -1.69101, -0.325342, 24.6428, 0.0, 0.557459, 0.32, 18.9878129243, 0.0, 
0.0375823974609, -18.0, 197.0, -1.69101, -0.325342, 24.6428, 0.0, 0.0, 0.32, 18.9878129243, 0.0, 
0.0383453369141, 52.0, -93.0, -0.490316, -0.469379, 21.8643, 0.0, 0.0, 0.32, 18.9878129243, 0.0, 
0.0383071899414, 52.0, -93.0, -0.490316, -0.469379, 21.8643, 0.0, 0.473552, 0.33, 18.9878129243, 0.0, 
0.0370559692383, 52.0, -93.0, -0.490316, -0.469379, 21.8643, 0.0, 0.473552, 0.33, 18.9878129243, 0.0, 
0.038948059082, 52.0, -93.0, -0.490316, -0.469379, 21.8643, 0.0, 0.473552, 0.33, 18.9878129243, 0.0, 
0.0466156005859, 52.0, -93.0, -0.490316, -0.469379, 21.8643, 0.0, 0.473552, 0.33, 18.9878129243, 0.0, 
0.0355834960938, 52.0, -93.0, 0.729406, -0.409764, 20.8538, 0.0, 0.473552, 0.33, 18.9878129243, 0.0, 
0.0386199951172, 52.0, -93.0, 0.729406, -0.409764, 20.8538, 0.0, 0.446763, 0.33, 18.9878129243, 0.0, 
0.0379791259766, 52.0, -93.0, 0.729406, -0.409764, 20.8538, 0.0, 0.446763, 0.33, 18.9878129243, 0.0, 
0.0536346435547, 52.0, -93.0, 0.729406, -0.409764, 20.8538, 0.0, 0.446763, 0.33, 18.9878129243, 0.0, 
0.0540161132813, 98.0, 125.0, 1.38646, 0.440622, 19.9615, 0.0, 0.446763, 0.33, 18.9878129243, 0.0, 
0.0380477905273, 98.0, 125.0, 1.38646, 0.440622, 19.9615, 0.0, 0.468073, 0.33, 18.9878129243, 0.0, 
0.0384902954102, 98.0, 125.0, 1.38646, 0.440622, 19.9615, 0.0, 0.468073, 0.33, 18.9878129243, 0.0, 
0.0378646850586, 98.0, 125.0, 1.38646, 0.440622, 19.9615, 0.0, 0.468073, 0.33, 18.9878129243, 0.0, 
0.0358047485352, 98.0, 125.0, 1.38646, 0.440622, 19.9615, 0.0, 0.468073, 0.33, 18.9878129243, 0.0, 
0.0382690429688, 98.0, 125.0, 0.596832, -0.242001, 19.5734, 0.0, 0.468073, 0.33, 18.9878129243, 0.0, 
0.0390472412109, 98.0, 125.0, 0.596832, -0.242001, 19.5734, 0.0, 0.492383, 0.33, 18.9878129243, 0.0, 
0.0315780639648, 98.0, 125.0, 0.596832, -0.242001, 19.5734, 0.0, 0.492383, 0.33, 18.9878129243, 0.0, 
0.0383224487305, 98.0, 125.0, 0.596832, -0.242001, 19.5734, 0.0, 0.492383, 0.33, 18.9878129243, 0.0, 
0.0371398925781, 98.0, 125.0, 0.596832, -0.242001, 19.5734, 0.0, 0.492383, 0.33, 18.9878129243, 0.0, 
0.0289916992188, 98.0, 125.0, 0.596832, -0.242001, 19.5734, 0.0, 0.492383, 0.33, 18.9878129243, 0.0, 
0.0381698608398, 38.0, 189.0, 1.10992, -0.604083, 20.2090, 0.0, 0.478476, 0.33, 18.9878129243, 0.0, 
0.036262512207, 38.0, 189.0, 1.10992, -0.604083, 20.2090, 0.0, 0.478476, 0.33, 18.9878129243, 0.0, 
0.037956237793, 38.0, 189.0, 1.10992, -0.604083, 20.2090, 0.0, 0.478476, 0.33, 18.9878129243, 0.0, 
0.0370559692383, 38.0, 189.0, 1.10992, -0.604083, 20.2090, 0.0, 0.478476, 0.33, 18.9878129243, 0.0, 
0.0366439819336, 38.0, 189.0, 1.10992, -0.604083, 20.2090, 0.0, 0.478476, 0.33, 18.9878129243, 0.0, 
0.0366821289063, 38.0, 189.0, 0.897198, -0.555059, 21.0663, 0.0, 0.478476, 0.33, 18.9878129243, 0.0, 
0.0379257202148, 38.0, 189.0, 0.897198, -0.555059, 21.0663, 0.0, 0.462759, 0.33, 18.9878129243, 0.0, 
0.0390319824219, 38.0, 189.0, 0.897198, -0.555059, 21.0663, 0.0, 0.462759, 0.33, 18.9878129243, 0.0, 
0.0377731323242, 38.0, 189.0, 0.897198, -0.555059, 21.0663, 0.0, 0.462759, 0.33, 18.9878129243, 0.0, 
0.037956237793, 38.0, 189.0, 0.897198, -0.555059, 21.0663, 0.0, 0.462759, 0.33, 18.9878129243, 0.0, 
0.0388565063477, 38.0, 189.0, 1.46241, -0.759574, 22.1565, 0.0, 0.462759, 0.33, 18.9878129243, 0.0, 
0.0377960205078, 32.0, 224.0, 1.46241, -0.759574, 22.1565, 0.0, 0.486826, 0.33, 18.9878129243, 0.0, 
