0.0153961181641, 19.0, -3.0, 0.0603097, 0.0297013, 359.007, 0.0, 0.0192632, 0.06, 19.0, -3.0, 
0.0199279785156, 19.0, -3.0, 0.0603097, 0.0297013, 359.007, 0.0, 0.0192632, 0.06, 19.0, -3.0, 
0.0141143798828, 18.0, -3.0, 0.0603097, 0.0297013, 359.007, 0.0, 0.0192632, 0.07, 18.9090909091, -3.0, 
0.0140991210938, 18.0, -3.0, 0.0572233, 0.0288624, 359.001, 0.0, 0.0195528, 0.07, 18.8264462810, -3.0, 
0.0310134887695, 18.0, -3.0, 0.0572233, 0.0288624, 359.001, 0.0, 0.0195528, 0.07, 18.7513148009, -3.0, 
0.0140380859375, 18.0, -3.0, 0.0572233, 0.0288624, 359.001, 0.0, 0.0195528, 0.07, 18.6830134554, -3.0, 
0.0135803222656, 18.0, -3.0, 0.0572233, 0.0288624, 359.001, 0.0, 0.0195528, 0.07, 18.6209213231, -3.0, 
0.0149765014648, 18.0, -3.0, 0.0572233, 0.0288624, 359.001, 0.0, 0.0195528, 0.07, 18.5644739301, -3.0, 
0.0136413574219, 18.0, -3.0, 0.0572233, 0.0288624, 359.001, 0.0, 0.0195528, 0.07, 18.5131581182, -3.0, 
0.0148773193359, 18.0, -3.0, 0.0572233, 0.0288624, 359.001, 0.0, 0.0195528, 0.07, 18.4665073802, -3.0, 
0.0135879516602, 18.0, -3.0, 0.0572233, 0.0288624, 359.001, 0.0, 0.0195528, 0.07, 18.4240976184, -3.0, 
0.0140533447266, 18.0, -3.0, 0.0572233, 0.0288624, 359.001, 0.0, 0.0195528, 0.07, 18.3855432894, -3.0, 
0.0143508911133, 18.0, -3.0, 0.0572233, 0.0288624, 359.001, 0.0, 0.0195528, 0.07, 18.3504938995, -3.0, 
0.0134735107422, 18.0, -3.0, 0.0572233, 0.0288624, 359.001, 0.0, 0.0195528, 0.07, 18.3186308177, -3.0, 
0.0149917602539, 18.0, -3.0, 0.0572233, 0.0288624, 359.001, 0.0, 0.0195528, 0.07, 18.2896643797, -3.0, 
0.0144119262695, 18.0, -3.0, 0.0572233, 0.0288624, 359.001, 0.0, 0.0195528, 0.07, 18.2633312543, -3.0, 
0.0142822265625, 18.0, -3.0, 0.0600147, 0.0249612, 358.998, 0.0, 0.0195226, 0.07, 18.2393920494, -3.0, 
0.0149917602539, 18.0, -3.0, 0.0600147, 0.0249612, 358.998, 0.0, 0.0195226, 0.07, 18.2176291358, -3.0, 
0.0142517089844, 18.0, -3.0, 0.0600147, 0.0249612, 358.998, 0.0, 0.0195226, 0.07, 18.1978446689, -3.0, 
0.0264587402344, 18.0, -3.0, 0.0600147, 0.0249612, 358.998, 0.0, 0.0195226, 0.07, 18.1798587899, -3.0, 
0.0147476196289, 18.0, -3.0, 0.0600147, 0.0249612, 358.998, 0.0, 0.0195226, 0.07, 18.1635079908, -3.0, 
0.0141983032227, 18.0, -3.0, 0.0600147, 0.0249612, 358.998, 0.0, 0.0195226, 0.07, 18.1486436280, -3.0, 
0.0145416259766, 18.0, -3.0, 0.0600147, 0.0249612, 358.998, 0.0, 0.0195226, 0.07, 18.1351305709, -3.0, 
0.0150527954102, 18.0, -3.0, 0.0600147, 0.0249612, 358.998, 0.0, 0.0195226, 0.07, 18.1228459736, -3.0, 
0.0288009643555, 18.0, -3.0, 0.0600147, 0.0249612, 358.998, 0.0, 0.0195226, 0.07, 18.1116781578, -3.0, 
0.0131683349609, 18.0, -3.0, 0.0600147, 0.0249612, 358.998, 0.0, 0.0195226, 0.07, 18.1015255980, -3.0, 
0.0137252807617, 18.0, -3.0, 0.0600147, 0.0249612, 358.998, 0.0, 0.0195226, 0.07, 18.0922959982, -3.0, 
0.0141143798828, 18.0, -3.0, 0.0600147, 0.0249612, 358.998, 0.0, 0.0195226, 0.07, 18.0839054529, -3.0, 
0.0310668945313, 18.0, -2.0, 0.0604109, 0.0308139, 358.994, 0.0, 0.0195015, 0.07, 18.0762776844, -2.90909090909, 
0.0140686035156, 18.0, -2.0, 0.0604109, 0.0308139, 358.994, 0.0, 0.0195015, 0.07, 18.0693433495, -2.82644628099, 
0.0140533447266, 18.0, -2.0, 0.0604109, 0.0308139, 358.994, 0.0, 0.0195015, 0.07, 18.0630394086, -2.75131480090, 
0.0150451660156, 18.0, -2.0, 0.0604109, 0.0308139, 358.994, 0.0, 0.0195015, 0.07, 18.0573085533, -2.68301345537, 
0.0139923095703, 18.0, -2.0, 0.0604109, 0.0308139, 358.994, 0.0, 0.0195015, 0.07, 18.0520986848, -2.62092132306, 
0.0139999389648, 18.0, -2.0, 0.0604109, 0.0308139, 358.994, 0.0, 0.0195015, 0.07, 18.0473624407, -2.56447393005, 
0.0219573974609, 18.0, -2.0, 0.0604109, 0.0308139, 358.994, 0.0, 0.0195015, 0.07, 18.0430567643, -2.51315811823, 
0.0132522583008, 18.0, -2.0, 0.0604109, 0.0308139, 358.994, 0.0, 0.0195015, 0.07, 18.0391425130, -2.46650738021, 
0.0139389038086, 18.0, -2.0, 0.0604109, 0.0308139, 358.994, 0.0, 0.0195015, 0.07, 18.0355841027, -2.42409761837, 
0.0148696899414, 18.0, -2.0, 0.0604109, 0.0308139, 358.994, 0.0, 0.0195015, 0.07, 18.0323491843, -2.38554328943, 
0.0149917602539, 18.0, -2.0, 0.0604109, 0.0308139, 358.994, 0.0, 0.0195015, 0.07, 18.0294083494, -2.35049389948, 
0.0139770507813, 18.0, -2.0, 0.0604109, 0.0308139, 358.994, 0.0, 0.0195015, 0.07, 18.0267348631, -2.31863081771, 
0.0149841308594, 18.0, -2.0, 0.0604109, 0.0308139, 358.994, 0.0, 0.0195015, 0.07, 18.0243044210, -2.28966437974, 
0.0147171020508, 18.0, -2.0, 0.0604109, 0.0308139, 358.994, 0.0, 0.0195015, 0.07, 18.0220949282, -2.26333125431, 
0.0137481689453, 18.0, -2.0, 0.0662713, 0.0423598, 358.987, 0.0, 0.0174118, 0.07, 18.0200862983, -2.23939204937, 
0.0300674438477, 18.0, -2.0, 0.0662713, 0.0423598, 358.987, 0.0, 0.0174118, 0.07, 18.0182602712, -2.21762913579, 
0.0301208496094, 18.0, -2.0, 0.0662713, 0.0423598, 358.987, 0.0, 0.0174118, 0.07, 18.0166002465, -2.1978446689, 
0.0142059326172, 18.0, -2.0, 0.0662713, 0.0423598, 358.987, 0.0, 0.0174118, 0.07, 18.0150911332, -2.17985878991, 
0.0155029296875, 18.0, -2.0, 0.0662713, 0.0423598, 358.987, 0.0, 0.0174118, 0.07, 18.0137192120, -2.16350799083, 
0.0150756835938, 18.0, -2.0, 0.0662713, 0.0423598, 358.987, 0.0, 0.0174118, 0.07, 18.0124720109, -2.14864362802, 
0.0138473510742, 18.0, -2.0, 0.0662713, 0.0423598, 358.987, 0.0, 0.0174118, 0.07, 18.0113381918, -2.13513057093, 
0.0130615234375, 18.0, -2.0, 0.0662713, 0.0423598, 358.987, 0.0, 0.0174118, 0.07, 18.0103074470, -2.12284597357, 
0.0142593383789, 18.0, -2.0, 0.0662713, 0.0423598, 358.987, 0.0, 0.0174118, 0.07, 18.0093704064, -2.11167815779, 
0.013542175293, 18.0, -2.0, 0.0662713, 0.0423598, 358.987, 0.0, 0.0174118, 0.07, 18.0085185513, -2.10152559799, 
0.0148696899414, 18.0, -2.0, 0.0662713, 0.0423598, 358.987, 0.0, 0.0174118, 0.07, 18.0077441375, -2.09229599818, 
0.0136642456055, 18.0, -2.0, 0.0662713, 0.0423598, 358.987, 0.0, 0.0174118, 0.07, 18.0070401250, -2.08390545289, 
0.0131454467773, 18.0, -2.0, 0.0662713, 0.0423598, 358.987, 0.0, 0.0174118, 0.07, 18.0064001137, -2.07627768444, 
0.0136795043945, 18.0, -2.0, 0.0662713, 0.0423598, 358.987, 0.0, 0.0174118, 0.07, 18.0058182851, -2.06934334949, 
0.0149993896484, 18.0, -2.0, 0.0682911, 0.0431213, 358.982, 0.0, 0.0152546, 0.07, 18.0052893501, -2.06303940863, 
0.0139846801758, 18.0, -2.0, 0.0682911, 0.0431213, 358.982, 0.0, 0.0152546, 0.07, 18.0048085001, -2.05730855330, 
0.0129547119141, 18.0, -2.0, 0.0682911, 0.0431213, 358.982, 0.0, 0.0152546, 0.07, 18.0043713637, -2.05209868482, 
0.0291213989258, 18.0, -4.0, 0.0682911, 0.0431213, 358.982, 0.0, 0.0, 0.07, 18.0039739670, -2.22918062256, 
0.025520324707, 18.0, -4.0, 0.0682911, 0.0431213, 358.982, 0.0, 0.0, 0.07, 18.0036126973, -2.39016420233, 
0.0140533447266, 18.0, -4.0, 0.0682911, 0.0431213, 358.982, 0.0, 0.0, 0.07, 18.0032842703, -2.53651291121, 
0.0134811401367, 18.0, -4.0, 0.0682911, 0.0431213, 358.982, 0.0, 0.0, 0.07, 18.0029857003, -2.66955719201, 
0.0134048461914, 18.0, -4.0, 0.0682911, 0.0431213, 358.982, 0.0, 0.0, 0.07, 18.0027142730, -2.79050653819, 
0.0129547119141, 18.0, -4.0, 0.0682911, 0.0431213, 358.982, 0.0, 0.0, 0.07, 18.0024675209, -2.90046048926, 
0.0135192871094, 18.0, -4.0, 0.0682911, 0.0431213, 358.982, 0.0, 0.0, 0.07, 18.0022432008, -3.00041862660, 
0.0300674438477, 18.0, -4.0, 0.0682911, 0.0431213, 358.982, 0.0, 0.0, 0.07, 18.0020392734, -3.09128966055, 
0.0292053222656, 18.0, -4.0, 0.0587635, 0.0511529, 358.978, 0.0, 0.0127401, 0.07, 18.0018538850, -3.17389969141, 
0.0287857055664, 18.0, -4.0, 0.0587635, 0.0511529, 358.978, 0.0, 0.0127401, 0.07, 18.0016853500, -3.24899971946, 
0.0292587280273, 18.0, -4.0, 0.0587635, 0.0511529, 358.978, 0.0, 0.0127401, 0.07, 18.0015321363, -3.31727247224, 
0.0280532836914, 18.0, -4.0, 0.0587635, 0.0511529, 358.978, 0.0, 0.0127401, 0.07, 18.0013928512, -3.37933861112, 
0.0131759643555, 18.0, -4.0, 0.0587635, 0.0511529, 358.978, 0.0, 0.0127401, 0.07, 18.0012662284, -3.43576237375, 
0.012939453125, 18.0, -4.0, 0.0587635, 0.0511529, 358.978, 0.0, 0.0127401, 0.07, 18.0011511167, -3.48705670341, 
0.0142059326172, 18.0, -4.0, 0.0587635, 0.0511529, 358.978, 0.0, 0.0127401, 0.07, 18.0010464697, -3.53368791219, 
0.0142059326172, 18.0, -4.0, 0.0587635, 0.0511529, 358.978, 0.0, 0.0127401, 0.07, 18.0009513361, -3.57607992017, 
0.0277099609375, 18.0, -4.0, 0.0587635, 0.0511529, 358.978, 0.0, 0.0127401, 0.07, 18.0008648510, -3.61461810925, 
0.0280609130859, 18.0, -4.0, 0.0560563, 0.054314, 358.968, 0.0, 0.0113336, 0.07, 18.0007862282, -3.64965282659, 
0.0132064819336, 18.0, -4.0, 0.0560563, 0.054314, 358.968, 0.0, 0.0113336, 0.07, 18.0007147529, -3.68150256963, 
0.0290985107422, 18.0, -4.0, 0.0560563, 0.054314, 358.968, 0.0, 0.0113336, 0.07, 18.0006497754, -3.71045688148, 
0.0293807983398, 19.0, -3.0, 0.0560563, 0.054314, 358.968, 0.0, 0.0113336, 0.07, 18.0914997958, -3.64586989225, 
0.0141067504883, 19.0, -3.0, 0.0560563, 0.054314, 358.968, 0.0, 0.0113336, 0.07, 18.1740907234, -3.58715444750, 
0.0134506225586, 19.0, -3.0, 0.0560563, 0.054314, 358.968, 0.0, 0.0113336, 0.07, 18.2491733849, -3.53377677046, 
0.01318359375, 19.0, -3.0, 0.0560563, 0.054314, 358.968, 0.0, 0.0113336, 0.07, 18.3174303500, -3.48525160951, 
0.0134658813477, 19.0, -3.0, 0.0560563, 0.054314, 358.968, 0.0, 0.0113336, 0.07, 18.3794821363, -3.44113782682, 
0.0300064086914, 19.0, -3.0, 0.0560563, 0.054314, 358.968, 0.0, 0.0113336, 0.07, 18.4358928512, -3.40103438802, 
0.0139923095703, 19.0, -3.0, 0.0560563, 0.054314, 358.968, 0.0, 0.0113336, 0.07, 18.4871753193, -3.36457671638, 
0.0141296386719, 19.0, -3.0, 0.0560563, 0.054314, 358.968, 0.0, 0.0113336, 0.07, 18.5337957448, -3.33143337853, 
0.0291748046875, 19.0, -3.0, 0.0560563, 0.054314, 358.968, 0.0, 0.0113336, 0.07, 18.5761779498, -3.30130307139, 
0.0134735107422, 19.0, -3.0, 0.0560563, 0.054314, 358.968, 0.0, 0.0113336, 0.07, 18.6147072271, -3.27391188308, 
0.0288162231445, 19.0, -3.0, 0.0631947, 0.0582839, 358.959, 0.0, 0.00949054, 0.07, 18.6497338428, -3.24901080280, 
0.0280303955078, 19.0, -3.0, 0.0631947, 0.0582839, 358.959, 0.0, 0.00949054, 0.07, 18.6815762207, -3.22637345709, 
0.0274963378906, 19.0, -3.0, 0.0631947, 0.0582839, 358.959, 0.0, 0.00949054, 0.07, 18.7105238370, -3.20579405190, 
0.0279922485352, 19.0, -3.0, 0.0631947, 0.0582839, 358.959, 0.0, 0.00949054, 0.07, 18.7368398519, -3.18708550173, 
0.0140914916992, 19.0, -3.0, 0.0631947, 0.0582839, 358.959, 0.0, 0.00949054, 0.07, 18.7607635017, -3.17007772885, 
0.0140914916992, 19.0, -3.0, 0.0631947, 0.0582839, 358.959, 0.0, 0.00949054, 0.07, 18.7825122743, -3.15461611713, 
0.0295333862305, 19.0, -3.0, 0.0631947, 0.0582839, 358.959, 0.0, 0.00949054, 0.07, 18.8022838857, -3.14056010648, 
0.0286254882813, 19.0, -3.0, 0.0631947, 0.0582839, 358.959, 0.0, 0.00949054, 0.07, 18.8202580779, -3.12778191499, 
0.0290451049805, 19.0, -3.0, 0.0631947, 0.0582839, 358.959, 0.0, 0.00949054, 0.07, 18.8365982526, -3.11616537726, 
0.0281982421875, 19.0, -3.0, 0.0631947, 0.0582839, 358.959, 0.0, 0.00949054, 0.07, 18.8514529569, -3.10560488842, 
0.0276489257813, 19.0, -3.0, 0.0631947, 0.0582839, 358.959, 0.0, 0.00949054, 0.07, 18.8649572336, -3.09600444402, 
0.0278549194336, 19.0, -3.0, 0.0631947, 0.0582839, 358.959, 0.0, 0.00949054, 0.07, 18.8772338487, -3.08727676729, 
0.0287933349609, 18.0, -2.0, 0.067321, 0.0574348, 358.950, 0.0, 0.0, 0.07, 18.7974853170, -2.98843342481, 
0.0280609130859, 18.0, -2.0, 0.067321, 0.0574348, 358.950, 0.0, 0.0, 0.07, 18.7249866518, -2.89857584073, 
0.0157165527344, 18.0, -2.0, 0.067321, 0.0574348, 358.950, 0.0, 0.0, 0.07, 18.6590787744, -2.81688712794, 
0.0293884277344, 18.0, -2.0, 0.067321, 0.0574348, 358.950, 0.0, 0.0, 0.07, 18.5991625222, -2.74262466176, 
0.0256652832031, 18.0, -2.0, 0.0646229, 0.0635858, 358.947, 0.0, 0.00609785, 0.07, 18.5446932020, -2.67511332888, 
0.0287246704102, 18.0, -2.0, 0.0646229, 0.0635858, 358.947, 0.0, 0.00609785, 0.07, 18.4951756382, -2.61373938989, 
0.0274887084961, 18.0, -2.0, 0.0646229, 0.0635858, 358.947, 0.0, 0.00609785, 0.07, 18.4501596711, -2.55794489990, 
0.0284194946289, 18.0, -2.0, 0.0646229, 0.0635858, 358.947, 0.0, 0.00609785, 0.07, 18.4092360646, -2.50722263627, 
0.0300064086914, 18.0, -2.0, 0.0646229, 0.0635858, 358.947, 0.0, 0.00609785, 0.07, 18.3720327860, -2.46111148752, 
0.0290069580078, 18.0, -2.0, 0.0646229, 0.0635858, 358.947, 0.0, 0.00609785, 0.07, 18.3382116236, -2.41919226138, 
0.0279998779297, 18.0, -2.0, 0.0646229, 0.0635858, 358.947, 0.0, 0.00609785, 0.07, 18.3074651124, -2.38108387398, 
0.0288619995117, 18.0, -2.0, 0.0646229, 0.0635858, 358.947, 0.0, 0.00609785, 0.07, 18.2795137385, -2.34643988544, 
0.0139923095703, 18.0, -2.0, 0.0611029, 0.0653113, 358.936, 0.0, 0.00553817, 0.07, 18.2541033987, -2.31494535040, 
5.19138336182, 19.0, -12.0, 0.0658312, 0.0904194, 358.739, 0.0, 0.0, 0.01, 18.2541033987, -2.31494535040, 
0.0284576416016, 19.0, -12.0, 0.0658312, 0.0904194, 358.739, 0.0, 0.0, 0.01, 18.2541033987, -2.31494535040, 
0.0288619995117, 19.0, -12.0, 0.0658312, 0.0904194, 358.739, 0.0, 0.0, 0.01, 18.2541033987, -2.31494535040, 
0.0295104980469, 19.0, -12.0, 0.0950518, 0.10245, 358.752, 0.0, 0.0170227, 0.01, 18.2541033987, -2.31494535040, 
0.0288467407227, 19.0, -12.0, 0.0950518, 0.10245, 358.752, 0.0, 0.0170227, 0.01, 18.2541033987, -2.31494535040, 
0.0290069580078, 19.0, -12.0, 0.0950518, 0.10245, 358.752, 0.0, 0.0170227, 0.01, 18.2541033987, -2.31494535040, 
0.0292205810547, 19.0, -12.0, 0.0950518, 0.10245, 358.752, 0.0, 0.0170227, 0.01, 18.2541033987, -2.31494535040, 
0.0288925170898, 19.0, -12.0, 0.0950518, 0.10245, 358.752, 0.0, 0.0170227, 0.01, 18.2541033987, -2.31494535040, 
0.0289916992188, 19.0, -12.0, 0.0950518, 0.10245, 358.752, 0.0, 0.0170227, 0.01, 18.2541033987, -2.31494535040, 
0.0279922485352, 19.0, -12.0, 0.0950518, 0.10245, 358.752, 0.0, 0.0170227, 0.01, 18.2541033987, -2.31494535040, 
0.0288619995117, 19.0, -12.0, 0.236885, 0.183947, 358.508, 0.0, 0.01983, 0.01, 18.2541033987, -2.31494535040, 
0.0293121337891, 19.0, -12.0, 0.236885, 0.183947, 358.508, 0.0, 0.01983, 0.01, 18.2541033987, -2.31494535040, 
0.0315399169922, -18.0, 6.0, 0.236885, 0.183947, 358.508, 0.0, 0.01983, 0.0, 18.2541033987, -2.31494535040, 
0.02685546875, -18.0, 6.0, 0.236885, 0.183947, 358.508, 0.0, 0.01983, 0.0, 18.2541033987, -2.31494535040, 
0.0280456542969, -18.0, 6.0, 0.236885, 0.183947, 358.508, 0.0, 0.01983, 0.0, 18.2541033987, -2.31494535040, 
0.029426574707, -18.0, 6.0, 0.236885, 0.183947, 358.508, 0.0, 0.01983, 0.0, 18.2541033987, -2.31494535040, 
0.0280456542969, -18.0, 6.0, 0.236885, 0.183947, 358.508, 0.0, 0.01983, 0.0, 18.2541033987, -2.31494535040, 
0.0282592773438, -18.0, 6.0, 0.236885, 0.183947, 358.508, 0.0, 0.01983, 0.0, 18.2541033987, -2.31494535040, 
0.0289916992188, -18.0, 6.0, 3.23122, -2.32726, 356.758, 0.0, 0.0615802, 0.0, 18.2541033987, -2.31494535040, 
0.028923034668, -18.0, 6.0, 3.23122, -2.32726, 356.758, 0.0, 0.0615802, 0.0, 18.2541033987, -2.31494535040, 
0.0298080444336, -18.0, 6.0, 3.23122, -2.32726, 356.758, 0.0, 0.0615802, 0.0, 18.2541033987, -2.31494535040, 
0.0277481079102, -18.0, 6.0, 3.23122, -2.32726, 356.758, 0.0, 0.0615802, 0.0, 18.2541033987, -2.31494535040, 
0.0284042358398, -18.0, 6.0, 3.23122, -2.32726, 356.758, 0.0, 0.0615802, 0.0, 18.2541033987, -2.31494535040, 
0.0290451049805, -18.0, 6.0, 3.23122, -2.32726, 356.758, 0.0, 0.0615802, 0.0, 18.2541033987, -2.31494535040, 
0.0290069580078, -18.0, 6.0, 3.23122, -2.32726, 356.758, 0.0, 0.0615802, 0.0, 18.2541033987, -2.31494535040, 
0.0296173095703, -18.0, 6.0, 3.23122, -2.32726, 356.758, 0.0, 0.0615802, 0.0, 18.2541033987, -2.31494535040, 
0.0289764404297, -18.0, 6.0, 3.70561, -5.00528, 354.851, 0.0, 0.219181, 0.0, 18.2541033987, -2.31494535040, 
0.0292587280273, -18.0, 6.0, 3.70561, -5.00528, 354.851, 0.0, 0.219181, 0.0, 18.2541033987, -2.31494535040, 
0.029052734375, -18.0, 6.0, 3.70561, -5.00528, 354.851, 0.0, 0.219181, 0.0, 18.2541033987, -2.31494535040, 
0.0295562744141, 59.0, -47.0, 3.70561, -5.00528, 354.851, 0.0, 0.0, 0.14, 18.2541033987, -2.31494535040, 
0.0283508300781, 59.0, -47.0, 3.70561, -5.00528, 354.851, 0.0, 0.0, 0.14, 18.2541033987, -2.31494535040, 
0.0274276733398, 59.0, -47.0, 3.70561, -5.00528, 354.851, 0.0, 0.0, 0.14, 18.2541033987, -2.31494535040, 
0.0278244018555, 59.0, -47.0, 3.70561, -5.00528, 354.851, 0.0, 0.0, 0.14, 18.2541033987, -2.31494535040, 
0.0278625488281, 59.0, -47.0, 3.70561, -5.00528, 354.851, 0.0, 0.0, 0.14, 18.2541033987, -2.31494535040, 
0.0279998779297, 59.0, -47.0, 1.52427, -0.795576, 354.391, 0.0, 0.325452, 0.14, 18.2541033987, -2.31494535040, 
0.0285339355469, 59.0, -47.0, 1.52427, -0.795576, 354.391, 0.0, 0.325452, 0.14, 18.2541033987, -2.31494535040, 
0.026741027832, 59.0, -47.0, 1.52427, -0.795576, 354.391, 0.0, 0.325452, 0.14, 18.2541033987, -2.31494535040, 
0.0295944213867, 59.0, -47.0, 1.52427, -0.795576, 354.391, 0.0, 0.325452, 0.14, 18.2541033987, -2.31494535040, 
0.0270462036133, 59.0, -47.0, 1.52427, -0.795576, 354.391, 0.0, 0.325452, 0.14, 18.2541033987, -2.31494535040, 
0.0272903442383, 59.0, -47.0, 1.52427, -0.795576, 354.391, 0.0, 0.325452, 0.14, 18.2541033987, -2.31494535040, 
0.0283813476563, 59.0, -47.0, 1.52427, -0.795576, 354.391, 0.0, 0.325452, 0.14, 18.2541033987, -2.31494535040, 
0.0279388427734, 59.0, -47.0, -2.21528, -0.346706, 355.168, 0.0, 0.30868, 0.14, 18.2541033987, -2.31494535040, 
0.0284881591797, 59.0, -47.0, -2.21528, -0.346706, 355.168, 0.0, 0.30868, 0.14, 18.2541033987, -2.31494535040, 
0.0260391235352, 59.0, -47.0, -2.21528, -0.346706, 355.168, 0.0, 0.30868, 0.14, 18.2541033987, -2.31494535040, 
0.029052734375, 33.0, -34.0, -2.21528, -0.346706, 355.168, 0.0, 0.30868, 0.3, 18.2541033987, -2.31494535040, 
0.0249099731445, 33.0, -34.0, -2.21528, -0.346706, 355.168, 0.0, 0.30868, 0.3, 18.2541033987, -2.31494535040, 
0.0272903442383, 33.0, -34.0, -2.21528, -0.346706, 355.168, 0.0, 0.30868, 0.3, 18.2541033987, -2.31494535040, 
0.0277938842773, 33.0, -34.0, -2.21528, -0.346706, 355.168, 0.0, 0.30868, 0.3, 18.2541033987, -2.31494535040, 
0.0272903442383, 33.0, -34.0, -3.32446, -0.212751, 356.051, 0.0, 0.233426, 0.3, 18.2541033987, -2.31494535040, 
0.0278396606445, 33.0, -34.0, -3.32446, -0.212751, 356.051, 0.0, 0.233426, 0.3, 18.2541033987, -2.31494535040, 
0.0276565551758, 33.0, -34.0, -3.32446, -0.212751, 356.051, 0.0, 0.233426, 0.3, 18.2541033987, -2.31494535040, 
0.0257415771484, 33.0, -34.0, -3.32446, -0.212751, 356.051, 0.0, 0.233426, 0.3, 18.2541033987, -2.31494535040, 
0.0273056030273, 33.0, -34.0, -3.32446, -0.212751, 356.051, 0.0, 0.233426, 0.3, 18.2541033987, -2.31494535040, 
0.027458190918, 33.0, -34.0, -3.32446, -0.212751, 356.051, 0.0, 0.233426, 0.3, 18.2541033987, -2.31494535040, 
0.0289916992188, 33.0, -34.0, -3.32446, -0.212751, 356.051, 0.0, 0.233426, 0.3, 18.2541033987, -2.31494535040, 
0.0254974365234, 33.0, -34.0, -3.32446, -0.212751, 356.051, 0.0, 0.233426, 0.3, 18.2541033987, -2.31494535040, 
0.0284118652344, 33.0, -34.0, -2.85782, -0.136695, 356.541, 0.0, 0.240244, 0.3, 18.2541033987, -2.31494535040, 
0.0275802612305, 33.0, -34.0, -2.85782, -0.136695, 356.541, 0.0, 0.240244, 0.3, 18.2541033987, -2.31494535040, 
0.029052734375, 33.0, -34.0, -2.85782, -0.136695, 356.541, 0.0, 0.240244, 0.3, 18.2541033987, -2.31494535040, 
0.0286178588867, 33.0, -34.0, -2.85782, -0.136695, 356.541, 0.0, 0.240244, 0.3, 18.2541033987, -2.31494535040, 
0.0270233154297, -24.0, 166.0, -2.85782, -0.136695, 356.541, 0.0, 0.240244, 0.32, 18.2541033987, -2.31494535040, 
0.0280685424805, -24.0, 166.0, -2.85782, -0.136695, 356.541, 0.0, 0.240244, 0.32, 18.2541033987, -2.31494535040, 
0.0288467407227, -24.0, 166.0, -2.85782, -0.136695, 356.541, 0.0, 0.240244, 0.32, 18.2541033987, -2.31494535040, 
0.0276489257813, -24.0, 166.0, -2.85782, -0.136695, 356.541, 0.0, 0.240244, 0.32, 18.2541033987, -2.31494535040, 
0.0289993286133, -24.0, 166.0, -2.21963, -0.0889188, 356.372, 0.0, 0.341478, 0.32, 18.2541033987, -2.31494535040, 
0.0276107788086, -24.0, 166.0, -2.21963, -0.0889188, 356.372, 0.0, 0.341478, 0.32, 18.2541033987, -2.31494535040, 
0.0264511108398, -24.0, 166.0, -2.21963, -0.0889188, 356.372, 0.0, 0.341478, 0.32, 18.2541033987, -2.31494535040, 
0.0275650024414, -24.0, 166.0, -2.21963, -0.0889188, 356.372, 0.0, 0.341478, 0.32, 18.2541033987, -2.31494535040, 
0.0269775390625, -24.0, 166.0, -2.21963, -0.0889188, 356.372, 0.0, 0.341478, 0.32, 18.2541033987, -2.31494535040, 
0.0266265869141, -24.0, 166.0, -2.21963, -0.0889188, 356.372, 0.0, 0.341478, 0.32, 18.2541033987, -2.31494535040, 
0.0280990600586, -24.0, 166.0, -2.21963, -0.0889188, 356.372, 0.0, 0.341478, 0.32, 18.2541033987, -2.31494535040, 
0.028564453125, -24.0, 166.0, -2.21963, -0.0889188, 356.372, 0.0, 0.341478, 0.32, 18.2541033987, -2.31494535040, 
0.0270080566406, -24.0, 166.0, -1.58085, -0.032782, 355.891, 0.0, 0.379029, 0.32, 18.2541033987, -2.31494535040, 
0.0279922485352, -24.0, 166.0, -1.58085, -0.032782, 355.891, 0.0, 0.379029, 0.32, 18.2541033987, -2.31494535040, 
0.0321350097656, -24.0, 166.0, -1.58085, -0.032782, 355.891, 0.0, 0.379029, 0.32, 18.2541033987, -2.31494535040, 
0.022102355957, -24.0, 166.0, -1.58085, -0.032782, 355.891, 0.0, 0.379029, 0.32, 18.2541033987, -2.31494535040, 
0.0281219482422, -24.0, 166.0, -1.58085, -0.032782, 355.891, 0.0, 0.379029, 0.32, 18.2541033987, -2.31494535040, 
0.0276489257813, 62.0, -137.0, -1.58085, -0.032782, 355.891, 0.0, 0.0, 0.33, 18.2541033987, -2.31494535040, 
0.0258941650391, 62.0, -137.0, -1.58085, -0.032782, 355.891, 0.0, 0.0, 0.33, 18.2541033987, -2.31494535040, 
0.0288543701172, 62.0, -137.0, -1.58085, -0.032782, 355.891, 0.0, 0.0, 0.33, 18.2541033987, -2.31494535040, 
0.0269546508789, 62.0, -137.0, -1.58085, -0.032782, 355.891, 0.0, 0.0, 0.33, 18.2541033987, -2.31494535040, 
0.0270843505859, 62.0, -137.0, 3.37680, -3.23652, 355.597, 0.0, 0.372758, 0.33, 18.2541033987, -2.31494535040, 
0.0282516479492, 62.0, -137.0, 3.37680, -3.23652, 355.597, 0.0, 0.372758, 0.33, 18.2541033987, -2.31494535040, 
0.0259399414063, 62.0, -137.0, 3.37680, -3.23652, 355.597, 0.0, 0.372758, 0.33, 18.2541033987, -2.31494535040, 
0.0279922485352, 62.0, -137.0, 3.37680, -3.23652, 355.597, 0.0, 0.372758, 0.33, 18.2541033987, -2.31494535040, 
0.0276336669922, 62.0, -137.0, 3.37680, -3.23652, 355.597, 0.0, 0.372758, 0.33, 18.2541033987, -2.31494535040, 
0.0276870727539, 62.0, -137.0, 3.37680, -3.23652, 355.597, 0.0, 0.372758, 0.33, 18.2541033987, -2.31494535040, 
0.0274047851563, 62.0, -137.0, 4.05678, -3.74862, 355.509, 0.0, 0.329051, 0.33, 18.2541033987, -2.31494535040, 
0.0340347290039, 62.0, -137.0, 4.05678, -3.74862, 355.509, 0.0, 0.329051, 0.33, 18.2541033987, -2.31494535040, 
0.0201187133789, 62.0, -137.0, 4.05678, -3.74862, 355.509, 0.0, 0.329051, 0.33, 18.2541033987, -2.31494535040, 
0.0251083374023, 62.0, -137.0, 4.05678, -3.74862, 355.509, 0.0, 0.329051, 0.33, 18.2541033987, -2.31494535040, 
0.0270538330078, 62.0, -137.0, 4.05678, -3.74862, 355.509, 0.0, 0.329051, 0.33, 18.2541033987, -2.31494535040, 
0.028190612793, 62.0, -137.0, 4.05678, -3.74862, 355.509, 0.0, 0.329051, 0.33, 18.2541033987, -2.31494535040, 
0.026252746582, 23.0, -161.0, 4.05678, -3.74862, 355.509, 0.0, 0.329051, 0.32, 18.2541033987, -2.31494535040, 
0.0270538330078, 23.0, -161.0, 4.05678, -3.74862, 355.509, 0.0, 0.329051, 0.32, 18.2541033987, -2.31494535040, 
0.0277252197266, 23.0, -161.0, 4.05678, -3.74862, 355.509, 0.0, 0.329051, 0.32, 18.2541033987, -2.31494535040, 
0.02685546875, 23.0, -161.0, 4.05678, -3.74862, 355.509, 0.0, 0.329051, 0.32, 18.2541033987, -2.31494535040, 
0.0253677368164, 23.0, -161.0, 4.05678, -3.74862, 355.509, 0.0, 0.329051, 0.32, 18.2541033987, -2.31494535040, 
0.0261154174805, 23.0, -161.0, 3.48392, -3.23619, 355.549, 0.0, 0.387381, 0.32, 18.2541033987, -2.31494535040, 
0.0280380249023, 23.0, -161.0, 3.48392, -3.23619, 355.549, 0.0, 0.387381, 0.32, 18.2541033987, -2.31494535040, 
0.0239410400391, 23.0, -161.0, 3.48392, -3.23619, 355.549, 0.0, 0.387381, 0.32, 18.2541033987, -2.31494535040, 
0.0279541015625, 23.0, -161.0, 3.48392, -3.23619, 355.549, 0.0, 0.387381, 0.32, 18.2541033987, -2.31494535040, 
0.0282974243164, 23.0, -161.0, 3.48392, -3.23619, 355.549, 0.0, 0.387381, 0.32, 18.2541033987, -2.31494535040, 
0.0286254882813, 23.0, -161.0, 2.04653, -2.97693, 356.809, 0.0, 0.428058, 0.32, 18.2541033987, -2.31494535040, 
0.0232315063477, 23.0, -161.0, 2.04653, -2.97693, 356.809, 0.0, 0.428058, 0.32, 18.2541033987, -2.31494535040, 
0.0248489379883, 23.0, -161.0, 2.04653, -2.97693, 356.809, 0.0, 0.428058, 0.32, 18.2541033987, -2.31494535040, 
0.0265960693359, 23.0, -161.0, 2.04653, -2.97693, 356.809, 0.0, 0.428058, 0.32, 18.2541033987, -2.31494535040, 
0.0279541015625, 23.0, -161.0, 2.04653, -2.97693, 356.809, 0.0, 0.428058, 0.32, 18.2541033987, -2.31494535040, 
0.0390014648438, 108.0, 83.0, 2.04653, -2.97693, 356.809, 0.0, 0.0, 0.3, 18.2541033987, -2.31494535040, 
0.0265731811523, 108.0, 83.0, 2.04653, -2.97693, 356.809, 0.0, 0.0, 0.3, 18.2541033987, -2.31494535040, 
0.0270538330078, 108.0, 83.0, 0.741859, 1.21135, 357.342, 0.0, 0.436408, 0.3, 18.2541033987, -2.31494535040, 
0.0276870727539, 108.0, 83.0, 0.741859, 1.21135, 357.342, 0.0, 0.436408, 0.3, 18.2541033987, -2.31494535040, 
0.0260696411133, 108.0, 83.0, 0.741859, 1.21135, 357.342, 0.0, 0.436408, 0.3, 18.2541033987, -2.31494535040, 
0.0260620117188, 108.0, 83.0, 0.741859, 1.21135, 357.342, 0.0, 0.436408, 0.3, 18.2541033987, -2.31494535040, 
0.0267639160156, 108.0, 83.0, 0.741859, 1.21135, 357.342, 0.0, 0.436408, 0.3, 18.2541033987, -2.31494535040, 
0.0281219482422, 108.0, 83.0, 0.741859, 1.21135, 357.342, 0.0, 0.436408, 0.3, 18.2541033987, -2.31494535040, 
0.026985168457, 108.0, 83.0, 0.741859, 1.21135, 357.342, 0.0, 0.436408, 0.3, 18.2541033987, -2.31494535040, 
0.0360717773438, 108.0, 83.0, 0.741859, 1.21135, 357.342, 0.0, 0.436408, 0.3, 18.2541033987, -2.31494535040, 
0.018928527832, 108.0, 83.0, 0.377392, -2.51472, 356.414, 0.0, 0.395844, 0.3, 18.2541033987, -2.31494535040, 
0.0260391235352, 108.0, 83.0, 0.377392, -2.51472, 356.414, 0.0, 0.395844, 0.3, 18.2541033987, -2.31494535040, 
0.0263595581055, 108.0, 83.0, 0.377392, -2.51472, 356.414, 0.0, 0.395844, 0.3, 18.2541033987, -2.31494535040, 
0.026985168457, 108.0, 83.0, 0.377392, -2.51472, 356.414, 0.0, 0.395844, 0.3, 18.2541033987, -2.31494535040, 
0.0269927978516, 108.0, 83.0, 0.377392, -2.51472, 356.414, 0.0, 0.395844, 0.3, 18.2541033987, -2.31494535040, 
0.0277099609375, 108.0, 83.0, 0.377392, -2.51472, 356.414, 0.0, 0.395844, 0.3, 18.2541033987, -2.31494535040, 
0.0281066894531, 42.0, -104.0, 0.377392, -2.51472, 356.414, 0.0, 0.395844, 0.28, 18.2541033987, -2.31494535040, 
0.0266876220703, 42.0, -104.0, 0.377392, -2.51472, 356.414, 0.0, 0.395844, 0.28, 18.2541033987, -2.31494535040, 
0.0255355834961, 42.0, -104.0, 0.317467, -3.24350, 355.721, 0.0, 0.443686, 0.28, 18.2541033987, -2.31494535040, 
0.025016784668, 42.0, -104.0, 0.317467, -3.24350, 355.721, 0.0, 0.443686, 0.28, 18.2541033987, -2.31494535040, 
0.0237121582031, 42.0, -104.0, 0.317467, -3.24350, 355.721, 0.0, 0.443686, 0.28, 18.2541033987, -2.31494535040, 
0.0269470214844, 42.0, -104.0, 0.317467, -3.24350, 355.721, 0.0, 0.443686, 0.28, 18.2541033987, -2.31494535040, 
0.0273056030273, 42.0, -104.0, 0.317467, -3.24350, 355.721, 0.0, 0.443686, 0.28, 18.2541033987, -2.31494535040, 
0.0265426635742, 42.0, -104.0, 0.317467, -3.24350, 355.721, 0.0, 0.443686, 0.28, 18.2541033987, -2.31494535040, 
0.0279922485352, 42.0, -104.0, 0.317467, -3.24350, 355.721, 0.0, 0.443686, 0.28, 18.2541033987, -2.31494535040, 
0.0376052856445, 42.0, -104.0, 0.364698, -2.57497, 355.570, 0.0, 0.516073, 0.28, 18.2541033987, -2.31494535040, 
0.0250015258789, 42.0, -104.0, 0.364698, -2.57497, 355.570, 0.0, 0.516073, 0.28, 18.2541033987, -2.31494535040, 
0.026123046875, 42.0, -104.0, 0.364698, -2.57497, 355.570, 0.0, 0.516073, 0.28, 18.2541033987, -2.31494535040, 
0.026611328125, 42.0, -104.0, 0.364698, -2.57497, 355.570, 0.0, 0.516073, 0.28, 18.2541033987, -2.31494535040, 
0.0250015258789, 42.0, -104.0, 0.364698, -2.57497, 355.570, 0.0, 0.516073, 0.28, 18.2541033987, -2.31494535040, 
0.0273056030273, 42.0, -104.0, 0.364698, -2.57497, 355.570, 0.0, 0.516073, 0.28, 18.2541033987, -2.31494535040, 
0.0268020629883, 42.0, -104.0, 0.364698, -2.57497, 355.570, 0.0, 0.516073, 0.28, 18.2541033987, -2.31494535040, 
0.02587890625, 108.0, -173.0, 0.364698, -2.57497, 355.570, 0.0, 0.0, 0.25, 18.2541033987, -2.31494535040, 
0.0261764526367, 108.0, -173.0, 0.140212, -1.30129, 356.467, 0.0, 0.530503, 0.25, 18.2541033987, -2.31494535040, 
0.0252304077148, 108.0, -173.0, 0.140212, -1.30129, 356.467, 0.0, 0.530503, 0.25, 18.2541033987, -2.31494535040, 
0.0280075073242, 108.0, -173.0, 0.140212, -1.30129, 356.467, 0.0, 0.530503, 0.25, 18.2541033987, -2.31494535040, 
0.0270919799805, 108.0, -173.0, 0.140212, -1.30129, 356.467, 0.0, 0.530503, 0.25, 18.2541033987, -2.31494535040, 
0.0259017944336, 108.0, -173.0, 0.140212, -1.30129, 356.467, 0.0, 0.530503, 0.25, 18.2541033987, -2.31494535040, 
0.0309982299805, 108.0, -173.0, 0.140212, -1.30129, 356.467, 0.0, 0.530503, 0.25, 18.2541033987, -2.31494535040, 
0.0219879150391, 108.0, -173.0, 0.140212, -1.30129, 356.467, 0.0, 0.530503, 0.25, 18.2541033987, -2.31494535040, 
0.0263214111328, 108.0, -173.0, 0.242509, -0.0433845, 357.064, 0.0, 0.458084, 0.25, 18.2541033987, -2.31494535040, 
0.0253067016602, 108.0, -173.0, 0.242509, -0.0433845, 357.064, 0.0, 0.458084, 0.25, 18.2541033987, -2.31494535040, 
0.02734375, 108.0, -173.0, 0.242509, -0.0433845, 357.064, 0.0, 0.458084, 0.25, 18.2541033987, -2.31494535040, 
0.0271072387695, 108.0, -173.0, 0.242509, -0.0433845, 357.064, 0.0, 0.458084, 0.25, 18.2541033987, -2.31494535040, 
0.0254898071289, 108.0, -173.0, 0.242509, -0.0433845, 357.064, 0.0, 0.458084, 0.25, 18.2541033987, -2.31494535040, 
0.0239868164063, 108.0, -173.0, 0.242509, -0.0433845, 357.064, 0.0, 0.458084, 0.25, 18.2541033987, -2.31494535040, 
0.02685546875, 108.0, -173.0, 0.242509, -0.0433845, 357.064, 0.0, 0.458084, 0.25, 18.2541033987, -2.31494535040, 
0.0261611938477, 108.0, -173.0, 0.242509, -0.0433845, 357.064, 0.0, 0.458084, 0.25, 18.2541033987, -2.31494535040, 
0.0260620117188, 11.0, -171.0, 0.416458, -1.40203, 354.049, 0.0, 0.403917, 0.26, 18.2541033987, -2.31494535040, 
0.0229873657227, 11.0, -171.0, 0.416458, -1.40203, 354.049, 0.0, 0.403917, 0.26, 18.2541033987, -2.31494535040, 
0.0312271118164, 11.0, -171.0, 0.416458, -1.40203, 354.049, 0.0, 0.403917, 0.26, 18.2541033987, -2.31494535040, 
0.0208053588867, 11.0, -171.0, 0.416458, -1.40203, 354.049, 0.0, 0.403917, 0.26, 18.2541033987, -2.31494535040, 
0.0268173217773, 11.0, -171.0, 0.416458, -1.40203, 354.049, 0.0, 0.403917, 0.26, 18.2541033987, -2.31494535040, 
0.0274276733398, 11.0, -171.0, 0.416458, -1.40203, 354.049, 0.0, 0.403917, 0.26, 18.2541033987, -2.31494535040, 
0.0269470214844, 11.0, -171.0, 0.416458, -1.40203, 354.049, 0.0, 0.403917, 0.26, 18.2541033987, -2.31494535040, 
0.0270080566406, 11.0, -171.0, -3.22092, 0.147477, 349.476, 0.0, 0.351025, 0.26, 18.2541033987, -2.31494535040, 
0.0259857177734, 11.0, -171.0, -3.22092, 0.147477, 349.476, 0.0, 0.351025, 0.26, 18.2541033987, -2.31494535040, 
0.0251007080078, 11.0, -171.0, -3.22092, 0.147477, 349.476, 0.0, 0.351025, 0.26, 18.2541033987, -2.31494535040, 
0.0269927978516, 11.0, -171.0, -3.22092, 0.147477, 349.476, 0.0, 0.351025, 0.26, 18.2541033987, -2.31494535040, 
0.025146484375, 11.0, -171.0, -3.22092, 0.147477, 349.476, 0.0, 0.351025, 0.26, 18.2541033987, -2.31494535040, 
0.0267791748047, 11.0, -171.0, -3.22092, 0.147477, 349.476, 0.0, 0.351025, 0.26, 18.2541033987, -2.31494535040, 
0.0272369384766, 11.0, -171.0, -3.22092, 0.147477, 349.476, 0.0, 0.351025, 0.26, 18.2541033987, -2.31494535040, 
0.0242462158203, 11.0, -171.0, -3.22092, 0.147477, 349.476, 0.0, 0.351025, 0.26, 18.2541033987, -2.31494535040, 
0.0270080566406, 11.0, -171.0, -4.20695, 2.15188, 347.599, 0.0, 0.368969, 0.26, 18.2541033987, -2.31494535040, 
0.0259323120117, 11.0, -171.0, -4.20695, 2.15188, 347.599, 0.0, 0.368969, 0.26, 18.2541033987, -2.31494535040, 
0.0399932861328, -14.0, -177.0, -4.20695, 2.15188, 347.599, 0.0, 0.0, 0.28, 18.2541033987, -2.31494535040, 
0.0272598266602, -14.0, -177.0, -4.20695, 2.15188, 347.599, 0.0, 0.0, 0.28, 18.2541033987, -2.31494535040, 
0.0271453857422, -14.0, -177.0, -4.20695, 2.15188, 347.599, 0.0, 0.0, 0.28, 18.2541033987, -2.31494535040, 
0.025993347168, -14.0, -177.0, -4.20695, 2.15188, 347.599, 0.0, 0.0, 0.28, 18.2541033987, -2.31494535040, 
0.0270233154297, -14.0, -177.0, -4.20695, 2.15188, 347.599, 0.0, 0.0, 0.28, 18.2541033987, -2.31494535040, 
0.0265121459961, -14.0, -177.0, -1.43304, 2.60386, 347.871, 0.0, 0.406241, 0.28, 18.2541033987, -2.31494535040, 
0.0266876220703, -14.0, -177.0, -1.43304, 2.60386, 347.871, 0.0, 0.406241, 0.28, 18.2541033987, -2.31494535040, 
0.0233612060547, -14.0, -177.0, -1.43304, 2.60386, 347.871, 0.0, 0.406241, 0.28, 18.2541033987, -2.31494535040, 
0.0254745483398, -14.0, -177.0, -1.43304, 2.60386, 347.871, 0.0, 0.406241, 0.28, 18.2541033987, -2.31494535040, 
0.0260314941406, -14.0, -177.0, -1.43304, 2.60386, 347.871, 0.0, 0.406241, 0.28, 18.2541033987, -2.31494535040, 
0.0243835449219, -14.0, -177.0, -1.43304, 2.60386, 347.871, 0.0, 0.406241, 0.28, 18.2541033987, -2.31494535040, 
0.0265121459961, -14.0, -177.0, -1.43304, 2.60386, 347.871, 0.0, 0.406241, 0.28, 18.2541033987, -2.31494535040, 
0.0259399414063, -14.0, -177.0, -1.43304, 2.60386, 347.871, 0.0, 0.406241, 0.28, 18.2541033987, -2.31494535040, 
0.0283889770508, -14.0, -177.0, -1.43304, 2.60386, 347.871, 0.0, 0.406241, 0.28, 18.2541033987, -2.31494535040, 
0.0406799316406, 45.0, 12.0, 1.89808, 1.49517, 348.900, 0.0, 0.402118, 0.28, 18.2541033987, -2.31494535040, 
0.0250091552734, 45.0, 12.0, 1.89808, 1.49517, 348.900, 0.0, 0.402118, 0.28, 18.2541033987, -2.31494535040, 
0.0250854492188, 45.0, 12.0, 1.89808, 1.49517, 348.900, 0.0, 0.402118, 0.28, 18.2541033987, -2.31494535040, 
0.0241241455078, 45.0, 12.0, 1.89808, 1.49517, 348.900, 0.0, 0.402118, 0.28, 18.2541033987, -2.31494535040, 
0.0271072387695, 45.0, 12.0, 1.89808, 1.49517, 348.900, 0.0, 0.402118, 0.28, 18.2541033987, -2.31494535040, 
0.0269546508789, 45.0, 12.0, 1.89808, 1.49517, 348.900, 0.0, 0.402118, 0.28, 18.2541033987, -2.31494535040, 
0.0269927978516, 45.0, 12.0, 1.12285, 1.05652, 350.222, 0.0, 0.422138, 0.28, 18.2541033987, -2.31494535040, 
0.0233001708984, 45.0, 12.0, 1.12285, 1.05652, 350.222, 0.0, 0.422138, 0.28, 18.2541033987, -2.31494535040, 
0.025276184082, 45.0, 12.0, 1.12285, 1.05652, 350.222, 0.0, 0.422138, 0.28, 18.2541033987, -2.31494535040, 
0.0261001586914, 45.0, 12.0, 1.12285, 1.05652, 350.222, 0.0, 0.422138, 0.28, 18.2541033987, -2.31494535040, 
0.0259094238281, 45.0, 12.0, 1.12285, 1.05652, 350.222, 0.0, 0.422138, 0.28, 18.2541033987, -2.31494535040, 
0.0251617431641, 45.0, 12.0, 1.12285, 1.05652, 350.222, 0.0, 0.422138, 0.28, 18.2541033987, -2.31494535040, 
0.0244598388672, 45.0, 12.0, 1.12285, 1.05652, 350.222, 0.0, 0.422138, 0.28, 18.2541033987, -2.31494535040, 
0.0258178710938, 45.0, 12.0, 1.12285, 1.05652, 350.222, 0.0, 0.422138, 0.28, 18.2541033987, -2.31494535040, 
0.0239715576172, 45.0, 12.0, -0.655043, 0.472423, 352.671, 0.0, 0.462224, 0.28, 18.2541033987, -2.31494535040, 
0.0420608520508, 45.0, 12.0, -0.655043, 0.472423, 352.671, 0.0, 0.462224, 0.28, 18.2541033987, -2.31494535040, 
0.0255889892578, 45.0, 36.0, -0.655043, 0.472423, 352.671, 0.0, 0.0, 0.27, 18.2541033987, -2.31494535040, 
0.02587890625, 45.0, 36.0, -0.655043, 0.472423, 352.671, 0.0, 0.0, 0.27, 18.2541033987, -2.31494535040, 
0.0249938964844, 45.0, 36.0, -0.655043, 0.472423, 352.671, 0.0, 0.0, 0.27, 18.2541033987, -2.31494535040, 
0.0265655517578, 45.0, 36.0, -0.655043, 0.472423, 352.671, 0.0, 0.0, 0.27, 18.2541033987, -2.31494535040, 
0.0259399414063, 45.0, 36.0, -0.655043, 0.472423, 352.671, 0.0, 0.0, 0.27, 18.2541033987, -2.31494535040, 
0.0245666503906, 45.0, 36.0, 1.76717, -0.75755, 356.835, 0.0, 0.485348, 0.27, 18.2541033987, -2.31494535040, 
0.0265808105469, 45.0, 36.0, 1.76717, -0.75755, 356.835, 0.0, 0.485348, 0.27, 18.2541033987, -2.31494535040, 
0.0263214111328, 45.0, 36.0, 1.76717, -0.75755, 356.835, 0.0, 0.485348, 0.27, 18.2541033987, -2.31494535040, 
0.0269470214844, 45.0, 36.0, 1.76717, -0.75755, 356.835, 0.0, 0.485348, 0.27, 18.2541033987, -2.31494535040, 
0.0254516601563, 45.0, 36.0, 1.76717, -0.75755, 356.835, 0.0, 0.485348, 0.27, 18.2541033987, -2.31494535040, 
0.0243682861328, 45.0, 36.0, 1.76717, -0.75755, 356.835, 0.0, 0.485348, 0.27, 18.2541033987, -2.31494535040, 
0.0267486572266, 45.0, 36.0, 1.76717, -0.75755, 356.835, 0.0, 0.485348, 0.27, 18.2541033987, -2.31494535040, 
0.0260009765625, 45.0, 36.0, 1.76717, -0.75755, 356.835, 0.0, 0.485348, 0.27, 18.2541033987, -2.31494535040, 
0.0429229736328, 45.0, 36.0, 0.497762, -1.41350, 359.654, 0.0, 0.424636, 0.27, 18.2541033987, -2.31494535040, 
0.0261611938477, 45.0, 36.0, 0.497762, -1.41350, 359.654, 0.0, 0.424636, 0.27, 18.2541033987, -2.31494535040, 
0.0256118774414, -43.0, -68.0, 0.497762, -1.41350, 359.654, 0.0, 0.424636, 0.27, 18.2541033987, -2.31494535040, 
0.0254364013672, -43.0, -68.0, 0.497762, -1.41350, 359.654, 0.0, 0.424636, 0.27, 18.2541033987, -2.31494535040, 
0.0266571044922, -43.0, -68.0, 0.497762, -1.41350, 359.654, 0.0, 0.424636, 0.27, 18.2541033987, -2.31494535040, 
0.0261077880859, -43.0, -68.0, 0.497762, -1.41350, 359.654, 0.0, 0.424636, 0.27, 18.2541033987, -2.31494535040, 
0.0271148681641, -43.0, -68.0, 0.497762, -1.41350, 359.654, 0.0, 0.424636, 0.27, 18.2541033987, -2.31494535040, 
0.0282287597656, -43.0, -68.0, 1.13973, -0.825174, 0.0680879, 0.0, 0.403957, 0.27, 18.2541033987, -2.31494535040, 
0.0270385742188, -43.0, -68.0, 1.13973, -0.825174, 0.0680879, 0.0, 0.403957, 0.27, 18.2541033987, -2.31494535040, 
0.0249176025391, -43.0, -68.0, 1.13973, -0.825174, 0.0680879, 0.0, 0.403957, 0.27, 18.2541033987, -2.31494535040, 
0.0261535644531, -43.0, -68.0, 1.13973, -0.825174, 0.0680879, 0.0, 0.403957, 0.27, 18.2541033987, -2.31494535040, 
0.0250549316406, -43.0, -68.0, 1.13973, -0.825174, 0.0680879, 0.0, 0.403957, 0.27, 18.2541033987, -2.31494535040, 
0.0249481201172, -43.0, -68.0, 1.13973, -0.825174, 0.0680879, 0.0, 0.403957, 0.27, 18.2541033987, -2.31494535040, 
0.0260543823242, -43.0, -68.0, 1.13973, -0.825174, 0.0680879, 0.0, 0.403957, 0.27, 18.2541033987, -2.31494535040, 
0.0259857177734, -43.0, -68.0, 1.52178, -0.504435, 358.803, 0.0, 0.354575, 0.27, 18.2541033987, -2.31494535040, 
0.0249938964844, -43.0, -68.0, 1.52178, -0.504435, 358.803, 0.0, 0.354575, 0.27, 18.2541033987, -2.31494535040, 
0.0253601074219, -43.0, -68.0, 1.52178, -0.504435, 358.803, 0.0, 0.354575, 0.27, 18.2541033987, -2.31494535040, 
0.0259323120117, -43.0, -68.0, 1.52178, -0.504435, 358.803, 0.0, 0.354575, 0.27, 18.2541033987, -2.31494535040, 
0.0258026123047, -26.0, 271.0, 1.52178, -0.504435, 358.803, 0.0, 0.354575, 0.28, 18.2541033987, -2.31494535040, 
0.0383377075195, -26.0, 271.0, 1.52178, -0.504435, 358.803, 0.0, 0.354575, 0.28, 18.2541033987, -2.31494535040, 
0.0255508422852, -26.0, 271.0, 1.52178, -0.504435, 358.803, 0.0, 0.354575, 0.28, 18.2541033987, -2.31494535040, 
0.0267181396484, -26.0, 271.0, 1.52178, -0.504435, 358.803, 0.0, 0.354575, 0.28, 18.2541033987, -2.31494535040, 
0.0255508422852, -26.0, 271.0, 2.0049, 0.496566, 355.541, 0.0, 0.343903, 0.28, 18.2541033987, -2.31494535040, 
0.026252746582, -26.0, 271.0, 2.0049, 0.496566, 355.541, 0.0, 0.343903, 0.28, 18.2541033987, -2.31494535040, 
0.0260009765625, -26.0, 271.0, 2.0049, 0.496566, 355.541, 0.0, 0.343903, 0.28, 18.2541033987, -2.31494535040, 
0.0255126953125, -26.0, 271.0, 2.0049, 0.496566, 355.541, 0.0, 0.343903, 0.28, 18.2541033987, -2.31494535040, 
0.0254211425781, -26.0, 271.0, 2.0049, 0.496566, 355.541, 0.0, 0.343903, 0.28, 18.2541033987, -2.31494535040, 
0.0256500244141, -26.0, 271.0, 2.0049, 0.496566, 355.541, 0.0, 0.343903, 0.28, 18.2541033987, -2.31494535040, 
0.0240020751953, -26.0, 271.0, 2.0049, 0.496566, 355.541, 0.0, 0.343903, 0.28, 18.2541033987, -2.31494535040, 
0.0256500244141, -26.0, 271.0, 1.37620, 2.48695, 356.721, 0.0, 0.490134, 0.28, 18.2541033987, -2.31494535040, 
0.0255355834961, -26.0, 271.0, 1.37620, 2.48695, 356.721, 0.0, 0.490134, 0.28, 18.2541033987, -2.31494535040, 
0.0246276855469, -26.0, 271.0, 1.37620, 2.48695, 356.721, 0.0, 0.490134, 0.28, 18.2541033987, -2.31494535040, 
0.0243835449219, -26.0, 271.0, 1.37620, 2.48695, 356.721, 0.0, 0.490134, 0.28, 18.2541033987, -2.31494535040, 
0.0383987426758, 1.0, -65.0, 1.37620, 2.48695, 356.721, 0.0, 0.0, 0.28, 18.2541033987, -2.31494535040, 
0.0226669311523, 1.0, -65.0, 1.37620, 2.48695, 356.721, 0.0, 0.0, 0.28, 18.2541033987, -2.31494535040, 
0.0239105224609, 1.0, -65.0, 1.37620, 2.48695, 356.721, 0.0, 0.0, 0.28, 18.2541033987, -2.31494535040, 
0.0265731811523, 1.0, -65.0, 1.37620, 2.48695, 356.721, 0.0, 0.0, 0.28, 18.2541033987, -2.31494535040, 
0.025993347168, 1.0, -65.0, 2.00264, 3.23557, 356.273, 0.0, 0.628693, 0.28, 18.2541033987, -2.31494535040, 
0.0260391235352, 1.0, -65.0, 2.00264, 3.23557, 356.273, 0.0, 0.628693, 0.28, 18.2541033987, -2.31494535040, 
0.0239562988281, 1.0, -65.0, 2.00264, 3.23557, 356.273, 0.0, 0.628693, 0.28, 18.2541033987, -2.31494535040, 
0.0252075195313, 1.0, -65.0, 2.00264, 3.23557, 356.273, 0.0, 0.628693, 0.28, 18.2541033987, -2.31494535040, 
0.0259323120117, 1.0, -65.0, 2.00264, 3.23557, 356.273, 0.0, 0.628693, 0.28, 18.2541033987, -2.31494535040, 
0.0374298095703, 1.0, -65.0, 2.00264, 3.23557, 356.273, 0.0, 0.628693, 0.28, 18.2541033987, -2.31494535040, 
0.024658203125, 1.0, -65.0, 2.00264, 3.23557, 356.273, 0.0, 0.628693, 0.28, 18.2541033987, -2.31494535040, 
0.0260009765625, 1.0, -65.0, 2.29183, 1.24475, 355.385, 0.0, 0.738656, 0.28, 18.2541033987, -2.31494535040, 
0.0250015258789, 1.0, -65.0, 2.29183, 1.24475, 355.385, 0.0, 0.738656, 0.28, 18.2541033987, -2.31494535040, 
0.0280075073242, 1.0, -65.0, 2.29183, 1.24475, 355.385, 0.0, 0.738656, 0.28, 18.2541033987, -2.31494535040, 
0.0249862670898, 1.0, -65.0, 2.29183, 1.24475, 355.385, 0.0, 0.738656, 0.28, 18.2541033987, -2.31494535040, 
0.026496887207, 1.0, -65.0, 2.29183, 1.24475, 355.385, 0.0, 0.738656, 0.28, 18.2541033987, -2.31494535040, 
0.0260009765625, 64.0, -30.0, 2.29183, 1.24475, 355.385, 0.0, 0.738656, 0.29, 18.2541033987, -2.31494535040, 
0.0258178710938, 64.0, -30.0, 2.29183, 1.24475, 355.385, 0.0, 0.738656, 0.29, 18.2541033987, -2.31494535040, 
0.0258636474609, 64.0, -30.0, 0.870915, 1.21183, 358.432, 0.0, 0.725614, 0.29, 18.2541033987, -2.31494535040, 
0.0251846313477, 64.0, -30.0, 0.870915, 1.21183, 358.432, 0.0, 0.725614, 0.29, 18.2541033987, -2.31494535040, 
0.0369262695313, 64.0, -30.0, 0.870915, 1.21183, 358.432, 0.0, 0.725614, 0.29, 18.2541033987, -2.31494535040, 
0.0251007080078, 64.0, -30.0, 0.870915, 1.21183, 358.432, 0.0, 0.725614, 0.29, 18.2541033987, -2.31494535040, 
0.0255508422852, 64.0, -30.0, 0.870915, 1.21183, 358.432, 0.0, 0.725614, 0.29, 18.2541033987, -2.31494535040, 
0.0260009765625, 64.0, -30.0, 0.870915, 1.21183, 358.432, 0.0, 0.725614, 0.29, 18.2541033987, -2.31494535040, 
0.0260238647461, 64.0, -30.0, 0.870915, 1.21183, 358.432, 0.0, 0.725614, 0.29, 18.2541033987, -2.31494535040, 
0.0249481201172, 64.0, -30.0, 1.11547, 2.22485, 0.250009, 0.0, 0.783546, 0.29, 18.2541033987, -2.31494535040, 
0.0260009765625, 64.0, -30.0, 1.11547, 2.22485, 0.250009, 0.0, 0.783546, 0.29, 18.2541033987, -2.31494535040, 
0.0252914428711, 64.0, -30.0, 1.11547, 2.22485, 0.250009, 0.0, 0.783546, 0.29, 18.2541033987, -2.31494535040, 
0.0250625610352, 64.0, -30.0, 1.11547, 2.22485, 0.250009, 0.0, 0.783546, 0.29, 18.2541033987, -2.31494535040, 
0.0262145996094, 64.0, -30.0, 1.11547, 2.22485, 0.250009, 0.0, 0.783546, 0.29, 18.2541033987, -2.31494535040, 
0.0250854492188, 64.0, -30.0, 1.11547, 2.22485, 0.250009, 0.0, 0.783546, 0.29, 18.2541033987, -2.31494535040, 
0.0255889892578, 64.0, -30.0, 1.11547, 2.22485, 0.250009, 0.0, 0.783546, 0.29, 18.2541033987, -2.31494535040, 
0.024169921875, 89.0, -10.0, 1.11547, 2.22485, 0.250009, 0.0, 0.0, 0.3, 18.2541033987, -2.31494535040, 
0.0259017944336, 89.0, -10.0, 1.99540, 3.36535, 359.099, 0.0, 0.893813, 0.3, 18.2541033987, -2.31494535040, 
0.0252685546875, 89.0, -10.0, 1.99540, 3.36535, 359.099, 0.0, 0.893813, 0.3, 18.2541033987, -2.31494535040, 
0.0246276855469, 89.0, -10.0, 1.99540, 3.36535, 359.099, 0.0, 0.893813, 0.3, 18.2541033987, -2.31494535040, 
0.0243682861328, 89.0, -10.0, 1.99540, 3.36535, 359.099, 0.0, 0.893813, 0.3, 18.2541033987, -2.31494535040, 
0.0264129638672, 89.0, -10.0, 1.99540, 3.36535, 359.099, 0.0, 0.893813, 0.3, 18.2541033987, -2.31494535040, 
0.0250244140625, 89.0, -10.0, 1.99540, 3.36535, 359.099, 0.0, 0.893813, 0.3, 18.2541033987, -2.31494535040, 
0.0249404907227, 89.0, -10.0, 1.99540, 3.36535, 359.099, 0.0, 0.893813, 0.3, 18.2541033987, -2.31494535040, 
0.0247650146484, 89.0, -10.0, 1.99540, 3.36535, 359.099, 0.0, 0.893813, 0.3, 18.2541033987, -2.31494535040, 
0.0370559692383, 89.0, -10.0, 1.34724, 3.25620, 357.776, 0.0, 0.990692, 0.3, 18.2541033987, -2.31494535040, 
0.0400466918945, 89.0, -10.0, 1.34724, 3.25620, 357.776, 0.0, 0.990692, 0.3, 18.2541033987, -2.31494535040, 
0.0240631103516, 89.0, -10.0, 1.34724, 3.25620, 357.776, 0.0, 0.990692, 0.3, 18.2541033987, -2.31494535040, 
0.0240631103516, 89.0, -10.0, 1.34724, 3.25620, 357.776, 0.0, 0.990692, 0.3, 18.2541033987, -2.31494535040, 
0.0240631103516, 82.0, 16.0, 1.34724, 3.25620, 357.776, 0.0, 0.990692, 0.3, 18.2541033987, -2.31494535040, 
0.0259857177734, 82.0, 16.0, 1.34724, 3.25620, 357.776, 0.0, 0.990692, 0.3, 18.2541033987, -2.31494535040, 
0.0250473022461, 82.0, 16.0, 0.257177, 3.19551, 357.393, 0.0, 1.09836, 0.3, 18.2541033987, -2.31494535040, 
0.0240020751953, 82.0, 16.0, 0.257177, 3.19551, 357.393, 0.0, 1.09836, 0.3, 18.2541033987, -2.31494535040, 
0.0256042480469, 82.0, 16.0, 0.257177, 3.19551, 357.393, 0.0, 1.09836, 0.3, 18.2541033987, -2.31494535040, 
0.0374908447266, 82.0, 16.0, 0.257177, 3.19551, 357.393, 0.0, 1.09836, 0.3, 18.2541033987, -2.31494535040, 
0.0249938964844, 82.0, 16.0, 0.257177, 3.19551, 357.393, 0.0, 1.09836, 0.3, 18.2541033987, -2.31494535040, 
0.0232543945313, 82.0, 16.0, 0.257177, 3.19551, 357.393, 0.0, 1.09836, 0.3, 18.2541033987, -2.31494535040, 
0.0252456665039, 82.0, 16.0, 0.257177, 3.19551, 357.393, 0.0, 1.09836, 0.3, 18.2541033987, -2.31494535040, 
0.0252151489258, 82.0, 16.0, 0.257177, 3.19551, 357.393, 0.0, 1.09836, 0.3, 18.2541033987, -2.31494535040, 
0.0256271362305, 82.0, 16.0, 0.141435, 2.92102, 357.308, 0.0, 1.14752, 0.3, 18.2541033987, -2.31494535040, 
0.0381927490234, 82.0, 16.0, 0.141435, 2.92102, 357.308, 0.0, 1.14752, 0.3, 18.2541033987, -2.31494535040, 
0.0229644775391, 82.0, 16.0, 0.141435, 2.92102, 357.308, 0.0, 1.14752, 0.3, 18.2541033987, -2.31494535040, 
0.0249099731445, 82.0, 16.0, 0.141435, 2.92102, 357.308, 0.0, 1.14752, 0.3, 18.2541033987, -2.31494535040, 
0.0372543334961, 82.0, 16.0, 0.141435, 2.92102, 357.308, 0.0, 1.14752, 0.3, 18.2541033987, -2.31494535040, 
0.025016784668, 7.0, -34.0, 0.141435, 2.92102, 357.308, 0.0, 0.0, 0.3, 18.2541033987, -2.31494535040, 
0.025993347168, 7.0, -34.0, -0.0403835, 2.83441, 357.314, 0.0, 1.20833, 0.3, 18.2541033987, -2.31494535040, 
0.0260467529297, 7.0, -34.0, -0.0403835, 2.83441, 357.314, 0.0, 1.20833, 0.3, 18.2541033987, -2.31494535040, 
0.0381393432617, 7.0, -34.0, -0.0403835, 2.83441, 357.314, 0.0, 1.20833, 0.3, 18.2541033987, -2.31494535040, 
0.0236282348633, 7.0, -34.0, -0.0403835, 2.83441, 357.314, 0.0, 1.20833, 0.3, 18.2541033987, -2.31494535040, 
0.0230026245117, 7.0, -34.0, -0.0403835, 2.83441, 357.314, 0.0, 1.20833, 0.3, 18.2541033987, -2.31494535040, 
0.0359878540039, 7.0, -34.0, -0.0403835, 2.83441, 357.314, 0.0, 1.20833, 0.3, 18.2541033987, -2.31494535040, 
0.0260162353516, 7.0, -34.0, -0.0403835, 2.83441, 357.314, 0.0, 1.20833, 0.3, 18.2541033987, -2.31494535040, 
0.0261688232422, 7.0, -34.0, -0.385382, 2.66264, 357.722, 0.0, 1.25737, 0.3, 18.2541033987, -2.31494535040, 
0.040412902832, 7.0, -34.0, -0.385382, 2.66264, 357.722, 0.0, 1.25737, 0.3, 18.2541033987, -2.31494535040, 
0.0251083374023, 7.0, -34.0, -0.385382, 2.66264, 357.722, 0.0, 1.25737, 0.3, 18.2541033987, -2.31494535040, 
0.0250473022461, 7.0, -34.0, -0.385382, 2.66264, 357.722, 0.0, 1.25737, 0.3, 18.2541033987, -2.31494535040, 
0.0240173339844, 7.0, -34.0, -0.385382, 2.66264, 357.722, 0.0, 1.25737, 0.3, 18.2541033987, -2.31494535040, 
0.0262145996094, 7.0, -34.0, -0.385382, 2.66264, 357.722, 0.0, 1.25737, 0.3, 18.2541033987, -2.31494535040, 
0.0255279541016, 45.0, -39.0, -0.385382, 2.66264, 357.722, 0.0, 1.25737, 0.29, 18.2541033987, -2.31494535040, 
0.0249862670898, 45.0, -39.0, 0.0663688, 3.50305, 357.423, 0.0, 1.31425, 0.29, 18.2541033987, -2.31494535040, 
0.0260238647461, 45.0, -39.0, 0.0663688, 3.50305, 357.423, 0.0, 1.31425, 0.29, 18.2541033987, -2.31494535040, 
0.0253829956055, 45.0, -39.0, 0.0663688, 3.50305, 357.423, 0.0, 1.31425, 0.29, 18.2541033987, -2.31494535040, 
0.0249938964844, 45.0, -39.0, 0.0663688, 3.50305, 357.423, 0.0, 1.31425, 0.29, 18.2541033987, -2.31494535040, 
0.0382080078125, 45.0, -39.0, 0.0663688, 3.50305, 357.423, 0.0, 1.31425, 0.29, 18.2541033987, -2.31494535040, 
0.0266265869141, 45.0, -39.0, 0.0663688, 3.50305, 357.423, 0.0, 1.31425, 0.29, 18.2541033987, -2.31494535040, 
0.0239715576172, 45.0, -39.0, 0.0663688, 3.50305, 357.423, 0.0, 1.31425, 0.29, 18.2541033987, -2.31494535040, 
0.0239334106445, 45.0, -39.0, 1.31691, 0.512757, 356.620, 0.0, 1.34197, 0.29, 18.2541033987, -2.31494535040, 
0.0246124267578, 45.0, -39.0, 1.31691, 0.512757, 356.620, 0.0, 1.34197, 0.29, 18.2541033987, -2.31494535040, 
0.0400161743164, 45.0, -39.0, 1.31691, 0.512757, 356.620, 0.0, 1.34197, 0.29, 18.2541033987, -2.31494535040, 
0.0389099121094, 45.0, -39.0, 1.31691, 0.512757, 356.620, 0.0, 1.34197, 0.29, 18.2541033987, -2.31494535040, 
0.0236511230469, 45.0, -39.0, 1.31691, 0.512757, 356.620, 0.0, 1.34197, 0.29, 18.2541033987, -2.31494535040, 
0.0386657714844, 45.0, -39.0, 1.31691, 0.512757, 356.620, 0.0, 1.34197, 0.29, 18.2541033987, -2.31494535040, 
0.0232086181641, 69.0, -45.0, 1.12487, 0.847924, 356.087, 0.0, 1.30984, 0.29, 18.2541033987, -2.31494535040, 
0.024284362793, 69.0, -45.0, 1.12487, 0.847924, 356.087, 0.0, 1.30984, 0.29, 18.2541033987, -2.31494535040, 
0.0246200561523, 69.0, -45.0, 1.12487, 0.847924, 356.087, 0.0, 1.30984, 0.29, 18.2541033987, -2.31494535040, 
0.0362243652344, 69.0, -45.0, 1.12487, 0.847924, 356.087, 0.0, 1.30984, 0.29, 18.2541033987, -2.31494535040, 
0.0239944458008, 69.0, -45.0, 1.12487, 0.847924, 356.087, 0.0, 1.30984, 0.29, 18.2541033987, -2.31494535040, 
0.0246124267578, 69.0, -45.0, 1.12487, 0.847924, 356.087, 0.0, 1.30984, 0.29, 18.2541033987, -2.31494535040, 
0.0400009155273, 69.0, -45.0, 1.12487, 0.847924, 356.087, 0.0, 1.30984, 0.29, 18.2541033987, -2.31494535040, 
0.0399627685547, 69.0, -45.0, 1.18832, 1.37909, 356.572, 0.0, 1.28009, 0.29, 18.2541033987, -2.31494535040, 
0.0250549316406, 69.0, -45.0, 1.18832, 1.37909, 356.572, 0.0, 1.28009, 0.29, 18.2541033987, -2.31494535040, 
0.0240631103516, 69.0, -45.0, 1.18832, 1.37909, 356.572, 0.0, 1.28009, 0.29, 18.2541033987, -2.31494535040, 
0.038330078125, 69.0, -45.0, 1.18832, 1.37909, 356.572, 0.0, 1.28009, 0.29, 18.2541033987, -2.31494535040, 
0.0247497558594, 69.0, -45.0, 1.18832, 1.37909, 356.572, 0.0, 1.28009, 0.29, 18.2541033987, -2.31494535040, 
0.0390548706055, 69.0, -45.0, 1.18832, 1.37909, 356.572, 0.0, 1.28009, 0.29, 18.2541033987, -2.31494535040, 
0.0390777587891, 69.0, -45.0, 2.62184, 1.3382, 357.726, 0.0, 1.23755, 0.29, 18.2541033987, -2.31494535040, 
0.0371704101563, 36.0, 6.0, 2.62184, 1.3382, 357.726, 0.0, 1.23755, 0.3, 18.2541033987, -2.31494535040, 
0.0383377075195, 36.0, 6.0, 2.62184, 1.3382, 357.726, 0.0, 1.23755, 0.3, 18.2541033987, -2.31494535040, 
0.0355834960938, 36.0, 6.0, 2.62184, 1.3382, 357.726, 0.0, 1.23755, 0.3, 18.2541033987, -2.31494535040, 
0.0249328613281, 36.0, 6.0, 2.62184, 1.3382, 357.726, 0.0, 1.23755, 0.3, 18.2541033987, -2.31494535040, 
0.0246887207031, 36.0, 6.0, 2.62184, 1.3382, 357.726, 0.0, 1.23755, 0.3, 18.2541033987, -2.31494535040, 
0.0572738647461, 36.0, 6.0, 0.124522, 0.244256, 357.735, 0.0, 1.17578, 0.3, 18.2541033987, -2.31494535040, 
0.0359954833984, 36.0, 6.0, 0.124522, 0.244256, 357.735, 0.0, 1.17578, 0.3, 18.2541033987, -2.31494535040, 
0.0373916625977, 36.0, 6.0, 0.124522, 0.244256, 357.735, 0.0, 1.17578, 0.3, 18.2541033987, -2.31494535040, 
0.0390777587891, 36.0, 6.0, 0.124522, 0.244256, 357.735, 0.0, 1.17578, 0.3, 18.2541033987, -2.31494535040, 
0.0250473022461, 36.0, 6.0, 0.124522, 0.244256, 357.735, 0.0, 1.17578, 0.3, 18.2541033987, -2.31494535040, 
0.0393829345703, 36.0, 6.0, -4.74068, -2.14880, 358.472, 0.0, 1.01497, 0.3, 18.2541033987, -2.31494535040, 
0.0245361328125, -16.0, 27.0, -4.74068, -2.14880, 358.472, 0.0, 0.0, 0.29, 18.2541033987, -2.31494535040, 
0.0382843017578, -16.0, 27.0, -4.74068, -2.14880, 358.472, 0.0, 0.0, 0.29, 18.2541033987, -2.31494535040, 
0.0383834838867, -16.0, 27.0, -4.74068, -2.14880, 358.472, 0.0, 0.0, 0.29, 18.2541033987, -2.31494535040, 
0.0246047973633, -16.0, 27.0, -4.74068, -2.14880, 358.472, 0.0, 0.0, 0.29, 18.2541033987, -2.31494535040, 
0.0242919921875, -16.0, 27.0, -4.74068, -2.14880, 358.472, 0.0, 0.0, 0.29, 18.2541033987, -2.31494535040, 
0.0250015258789, -16.0, 27.0, -2.99205, -1.87872, 359.043, 0.0, 0.833572, 0.29, 18.2541033987, -2.31494535040, 
0.025634765625, -16.0, 27.0, -2.99205, -1.87872, 359.043, 0.0, 0.833572, 0.29, 18.2541033987, -2.31494535040, 
0.0379028320313, -16.0, 27.0, -2.99205, -1.87872, 359.043, 0.0, 0.833572, 0.29, 18.2541033987, -2.31494535040, 
0.023681640625, -16.0, 27.0, -2.99205, -1.87872, 359.043, 0.0, 0.833572, 0.29, 18.2541033987, -2.31494535040, 
0.025634765625, -16.0, 27.0, -2.99205, -1.87872, 359.043, 0.0, 0.833572, 0.29, 18.2541033987, -2.31494535040, 
0.0410614013672, -16.0, 27.0, -2.99205, -1.87872, 359.043, 0.0, 0.833572, 0.29, 18.2541033987, -2.31494535040, 
0.0329971313477, -16.0, 27.0, -2.64254, -1.33952, 359.348, 0.0, 0.697764, 0.29, 18.2541033987, -2.31494535040, 
0.0410003662109, -16.0, 27.0, -2.64254, -1.33952, 359.348, 0.0, 0.697764, 0.29, 18.2541033987, -2.31494535040, 
0.0256118774414, -3.0, 129.0, -2.64254, -1.33952, 359.348, 0.0, 0.697764, 0.3, 18.2541033987, -2.31494535040, 
0.024772644043, -3.0, 129.0, -2.64254, -1.33952, 359.348, 0.0, 0.697764, 0.3, 18.2541033987, -2.31494535040, 
0.0232009887695, -3.0, 129.0, -2.64254, -1.33952, 359.348, 0.0, 0.697764, 0.3, 18.2541033987, -2.31494535040, 
0.0383605957031, -3.0, 129.0, -2.64254, -1.33952, 359.348, 0.0, 0.697764, 0.3, 18.2541033987, -2.31494535040, 
0.0242614746094, -3.0, 129.0, -1.84109, 0.268065, 358.899, 0.0, 0.632209, 0.3, 18.2541033987, -2.31494535040, 
0.0403213500977, -3.0, 129.0, -1.84109, 0.268065, 358.899, 0.0, 0.632209, 0.3, 18.2541033987, -2.31494535040, 
0.0240020751953, -3.0, 129.0, -1.84109, 0.268065, 358.899, 0.0, 0.632209, 0.3, 18.2541033987, -2.31494535040, 
0.0376739501953, -3.0, 129.0, -1.84109, 0.268065, 358.899, 0.0, 0.632209, 0.3, 18.2541033987, -2.31494535040, 
0.0246505737305, -3.0, 129.0, -1.84109, 0.268065, 358.899, 0.0, 0.632209, 0.3, 18.2541033987, -2.31494535040, 
0.0243835449219, -3.0, 129.0, -1.84109, 0.268065, 358.899, 0.0, 0.632209, 0.3, 18.2541033987, -2.31494535040, 
0.0255508422852, -3.0, 129.0, -1.84109, 0.268065, 358.899, 0.0, 0.632209, 0.3, 18.2541033987, -2.31494535040, 
0.0255126953125, -3.0, 129.0, -1.05567, -1.07908, 357.877, 0.0, 0.5572, 0.3, 18.2541033987, -2.31494535040, 
0.0260009765625, -3.0, 129.0, -1.05567, -1.07908, 357.877, 0.0, 0.5572, 0.3, 18.2541033987, -2.31494535040, 
0.0239334106445, -3.0, 129.0, -1.05567, -1.07908, 357.877, 0.0, 0.5572, 0.3, 18.2541033987, -2.31494535040, 
0.0380096435547, -26.0, 63.0, -1.05567, -1.07908, 357.877, 0.0, 0.0, 0.31, 18.2541033987, -2.31494535040, 
0.025016784668, -26.0, 63.0, -1.05567, -1.07908, 357.877, 0.0, 0.0, 0.31, 18.2541033987, -2.31494535040, 
0.0249786376953, -26.0, 63.0, -1.05567, -1.07908, 357.877, 0.0, 0.0, 0.31, 18.2541033987, -2.31494535040, 
0.0259323120117, -26.0, 63.0, -1.05567, -1.07908, 357.877, 0.0, 0.0, 0.31, 18.2541033987, -2.31494535040, 
0.0261611938477, -26.0, 63.0, 2.48512, 0.187553, 357.646, 0.0, 0.493213, 0.31, 18.2541033987, -2.31494535040, 
0.0420150756836, -26.0, 63.0, 2.48512, 0.187553, 357.646, 0.0, 0.493213, 0.31, 18.2541033987, -2.31494535040, 
0.0244140625, -26.0, 63.0, 2.48512, 0.187553, 357.646, 0.0, 0.493213, 0.31, 18.2541033987, -2.31494535040, 
0.0253677368164, -26.0, 63.0, 2.48512, 0.187553, 357.646, 0.0, 0.493213, 0.31, 18.2541033987, -2.31494535040, 
0.0247268676758, -26.0, 63.0, 2.48512, 0.187553, 357.646, 0.0, 0.493213, 0.31, 18.2541033987, -2.31494535040, 
0.0249481201172, -26.0, 63.0, 2.48512, 0.187553, 357.646, 0.0, 0.493213, 0.31, 18.2541033987, -2.31494535040, 
0.0390625, -26.0, 63.0, 2.48512, 0.187553, 357.646, 0.0, 0.493213, 0.31, 18.2541033987, -2.31494535040, 
0.0233612060547, -26.0, 63.0, 2.09718, 0.51264, 2.83760, 0.0, 0.229047, 0.31, 18.2541033987, -2.31494535040, 
0.0247192382813, -26.0, 63.0, 2.09718, 0.51264, 2.83760, 0.0, 0.229047, 0.31, 18.2541033987, -2.31494535040, 
0.0380020141602, -86.0, -206.0, 2.09718, 0.51264, 2.83760, 0.0, 0.229047, 0.32, 18.2541033987, -2.31494535040, 
0.039306640625, -86.0, -206.0, 2.09718, 0.51264, 2.83760, 0.0, 0.229047, 0.32, 18.2541033987, -2.31494535040, 
0.0239639282227, -86.0, -206.0, 2.09718, 0.51264, 2.83760, 0.0, 0.229047, 0.32, 18.2541033987, -2.31494535040, 
0.0238723754883, -86.0, -206.0, 2.09718, 0.51264, 2.83760, 0.0, 0.229047, 0.32, 18.2541033987, -2.31494535040, 
0.0246887207031, -86.0, -206.0, 2.09718, 0.51264, 2.83760, 0.0, 0.229047, 0.32, 18.2541033987, -2.31494535040, 
0.0396347045898, -86.0, -206.0, 1.58637, -0.0052053, 3.33833, 0.0, 0.21878, 0.32, 18.2541033987, -2.31494535040, 
0.0389251708984, -86.0, -206.0, 1.58637, -0.0052053, 3.33833, 0.0, 0.21878, 0.32, 18.2541033987, -2.31494535040, 
0.0400466918945, -86.0, -206.0, 1.58637, -0.0052053, 3.33833, 0.0, 0.21878, 0.32, 18.2541033987, -2.31494535040, 
0.0240097045898, -86.0, -206.0, 1.58637, -0.0052053, 3.33833, 0.0, 0.21878, 0.32, 18.2541033987, -2.31494535040, 
0.0241088867188, -86.0, -206.0, 1.58637, -0.0052053, 3.33833, 0.0, 0.21878, 0.32, 18.2541033987, -2.31494535040, 
0.0251388549805, -86.0, -206.0, 1.58637, -0.0052053, 3.33833, 0.0, 0.21878, 0.32, 18.2541033987, -2.31494535040, 
0.0250625610352, -86.0, -206.0, 0.924956, -3.14441, 359.587, 0.0, 0.338414, 0.32, 18.2541033987, -2.31494535040, 
0.0389862060547, -86.0, -206.0, 0.924956, -3.14441, 359.587, 0.0, 0.338414, 0.32, 18.2541033987, -2.31494535040, 
0.0400695800781, -10.0, 56.0, 0.924956, -3.14441, 359.587, 0.0, 0.0, 0.3, 18.2541033987, -2.31494535040, 
0.0395736694336, -10.0, 56.0, 0.924956, -3.14441, 359.587, 0.0, 0.0, 0.3, 18.2541033987, -2.31494535040, 
0.0250091552734, -10.0, 56.0, 0.924956, -3.14441, 359.587, 0.0, 0.0, 0.3, 18.2541033987, -2.31494535040, 
0.0400009155273, -10.0, 56.0, 0.924956, -3.14441, 359.587, 0.0, 0.0, 0.3, 18.2541033987, -2.31494535040, 
0.0528259277344, -10.0, 56.0, -0.568882, -3.96738, 356.238, 0.0, 0.496911, 0.3, 18.2541033987, -2.31494535040, 
0.0400009155273, -10.0, 56.0, -0.568882, -3.96738, 356.238, 0.0, 0.496911, 0.3, 18.2541033987, -2.31494535040, 
0.0240173339844, -10.0, 56.0, -0.568882, -3.96738, 356.238, 0.0, 0.496911, 0.3, 18.2541033987, -2.31494535040, 
0.0388336181641, -10.0, 56.0, -0.568882, -3.96738, 356.238, 0.0, 0.496911, 0.3, 18.2541033987, -2.31494535040, 
0.0390548706055, -10.0, 56.0, 1.42025, -4.24967, 353.831, 0.0, 0.661098, 0.3, 18.2541033987, -2.31494535040, 
0.0249481201172, -10.0, 56.0, 1.42025, -4.24967, 353.831, 0.0, 0.661098, 0.3, 18.2541033987, -2.31494535040, 
0.0390014648438, -10.0, 56.0, 1.42025, -4.24967, 353.831, 0.0, 0.661098, 0.3, 18.2541033987, -2.31494535040, 
0.0252456665039, -10.0, 56.0, 1.42025, -4.24967, 353.831, 0.0, 0.661098, 0.3, 18.2541033987, -2.31494535040, 
0.0399017333984, 50.0, -103.0, 1.42025, -4.24967, 353.831, 0.0, 0.661098, 0.31, 18.2541033987, -2.31494535040, 
0.0390701293945, 50.0, -103.0, 1.42025, -4.24967, 353.831, 0.0, 0.661098, 0.31, 18.2541033987, -2.31494535040, 
0.0252380371094, 50.0, -103.0, 1.42025, -4.24967, 353.831, 0.0, 0.661098, 0.31, 18.2541033987, -2.31494535040, 
0.039306640625, 50.0, -103.0, 3.30763, -5.41073, 352.459, 0.0, 0.919061, 0.31, 18.2541033987, -2.31494535040, 
0.0374374389648, 50.0, -103.0, 3.30763, -5.41073, 352.459, 0.0, 0.919061, 0.31, 18.2541033987, -2.31494535040, 
0.0239334106445, 50.0, -103.0, 3.30763, -5.41073, 352.459, 0.0, 0.919061, 0.31, 18.2541033987, -2.31494535040, 
0.0250473022461, 50.0, -103.0, 3.30763, -5.41073, 352.459, 0.0, 0.919061, 0.31, 18.2541033987, -2.31494535040, 
0.0250015258789, 50.0, -103.0, 3.30763, -5.41073, 352.459, 0.0, 0.919061, 0.31, 18.2541033987, -2.31494535040, 
0.0249633789063, 50.0, -103.0, 3.30763, -5.41073, 352.459, 0.0, 0.919061, 0.31, 18.2541033987, -2.31494535040, 
0.0249481201172, 50.0, -103.0, 0.0280179, 1.83618, 351.650, 0.0, 0.954967, 0.31, 18.2541033987, -2.31494535040, 
0.0380554199219, 50.0, -103.0, 0.0280179, 1.83618, 351.650, 0.0, 0.954967, 0.31, 18.2541033987, -2.31494535040, 
0.0390396118164, 50.0, -103.0, 0.0280179, 1.83618, 351.650, 0.0, 0.954967, 0.31, 18.2541033987, -2.31494535040, 
0.037712097168, 50.0, -103.0, 0.0280179, 1.83618, 351.650, 0.0, 0.954967, 0.31, 18.2541033987, -2.31494535040, 
0.0245513916016, 50.0, -103.0, 0.0280179, 1.83618, 351.650, 0.0, 0.954967, 0.31, 18.2541033987, -2.31494535040, 
0.0376205444336, 0.0, 106.0, 0.0280179, 1.83618, 351.650, 0.0, 0.0, 0.31, 18.2541033987, -2.31494535040, 
0.0541000366211, 0.0, 106.0, -2.51447, 3.43977, 354.565, 0.0, 0.781238, 0.31, 18.2541033987, -2.31494535040, 
0.0393753051758, 0.0, 106.0, -2.51447, 3.43977, 354.565, 0.0, 0.781238, 0.31, 18.2541033987, -2.31494535040, 
0.0390548706055, 0.0, 106.0, -2.51447, 3.43977, 354.565, 0.0, 0.781238, 0.31, 18.2541033987, -2.31494535040, 
0.0379791259766, 0.0, 106.0, -2.51447, 3.43977, 354.565, 0.0, 0.781238, 0.31, 18.2541033987, -2.31494535040, 
0.0326385498047, 0.0, 106.0, -2.51447, 3.43977, 354.565, 0.0, 0.781238, 0.31, 18.2541033987, -2.31494535040, 
0.0369262695313, 0.0, 106.0, -5.80285, 2.44855, 358.967, 0.0, 0.506459, 0.31, 18.2541033987, -2.31494535040, 
0.0359878540039, 0.0, 106.0, -5.80285, 2.44855, 358.967, 0.0, 0.506459, 0.31, 18.2541033987, -2.31494535040, 
0.0366058349609, 0.0, 106.0, -5.80285, 2.44855, 358.967, 0.0, 0.506459, 0.31, 18.2541033987, -2.31494535040, 
0.0360107421875, 0.0, 106.0, -5.80285, 2.44855, 358.967, 0.0, 0.506459, 0.31, 18.2541033987, -2.31494535040, 
0.0349960327148, -12.0, 118.0, -5.80285, 2.44855, 358.967, 0.0, 0.506459, 0.32, 18.2541033987, -2.31494535040, 
0.0369873046875, -12.0, 118.0, -4.70211, 0.94578, 1.23172, 0.0, 0.338847, 0.32, 18.2541033987, -2.31494535040, 
0.0359725952148, -12.0, 118.0, -4.70211, 0.94578, 1.23172, 0.0, 0.338847, 0.32, 18.2541033987, -2.31494535040, 
0.0380020141602, -12.0, 118.0, -4.70211, 0.94578, 1.23172, 0.0, 0.338847, 0.32, 18.2541033987, -2.31494535040, 
0.0370025634766, -12.0, 118.0, -4.70211, 0.94578, 1.23172, 0.0, 0.338847, 0.32, 18.2541033987, -2.31494535040, 
0.0389862060547, -12.0, 118.0, -4.70211, 0.94578, 1.23172, 0.0, 0.338847, 0.32, 18.2541033987, -2.31494535040, 
0.0349960327148, -12.0, 118.0, -2.59205, 0.671371, 0.889613, 0.0, 0.331154, 0.32, 18.2541033987, -2.31494535040, 
0.0379867553711, -12.0, 118.0, -2.59205, 0.671371, 0.889613, 0.0, 0.331154, 0.32, 18.2541033987, -2.31494535040, 
0.0371856689453, -12.0, 118.0, -2.59205, 0.671371, 0.889613, 0.0, 0.331154, 0.32, 18.2541033987, -2.31494535040, 
0.0398712158203, -12.0, 118.0, -2.59205, 0.671371, 0.889613, 0.0, 0.331154, 0.32, 18.2541033987, -2.31494535040, 
0.0349960327148, 58.0, 115.0, -2.59205, 0.671371, 0.889613, 0.0, 0.0, 0.33, 18.2541033987, -2.31494535040, 
0.0373687744141, 58.0, 115.0, 4.32951, -0.0889996, 359.544, 0.0, 0.306252, 0.33, 18.2541033987, -2.31494535040, 
0.0529937744141, 58.0, 115.0, 4.32951, -0.0889996, 359.544, 0.0, 0.306252, 0.33, 18.2541033987, -2.31494535040, 
0.0390167236328, 58.0, 115.0, 4.32951, -0.0889996, 359.544, 0.0, 0.306252, 0.33, 18.2541033987, -2.31494535040, 
0.0394058227539, 58.0, 115.0, 4.32951, -0.0889996, 359.544, 0.0, 0.306252, 0.33, 18.2541033987, -2.31494535040, 
0.0379867553711, 58.0, 115.0, 4.62385, 0.213341, 0.0803315, 0.0, 0.256671, 0.33, 18.2541033987, -2.31494535040, 
0.0345764160156, 58.0, 115.0, 4.62385, 0.213341, 0.0803315, 0.0, 0.256671, 0.33, 18.2541033987, -2.31494535040, 
0.038330078125, 58.0, 115.0, 4.62385, 0.213341, 0.0803315, 0.0, 0.256671, 0.33, 18.2541033987, -2.31494535040, 
0.0410461425781, 58.0, 115.0, 4.62385, 0.213341, 0.0803315, 0.0, 0.256671, 0.33, 18.2541033987, -2.31494535040, 
0.0389785766602, 58.0, 115.0, 4.62385, 0.213341, 0.0803315, 0.0, 0.256671, 0.33, 18.2541033987, -2.31494535040, 
0.0398941040039, 69.0, -93.0, 4.62385, 0.213341, 0.0803315, 0.0, 0.256671, 0.31, 18.2541033987, -2.31494535040, 
0.0371704101563, 69.0, -93.0, 5.74514, -1.93631, 0.732488, 0.0, 0.536941, 0.31, 18.2541033987, -2.31494535040, 
0.0380020141602, 69.0, -93.0, 5.74514, -1.93631, 0.732488, 0.0, 0.536941, 0.31, 18.2541033987, -2.31494535040, 
0.037239074707, 69.0, -93.0, 5.74514, -1.93631, 0.732488, 0.0, 0.536941, 0.31, 18.2541033987, -2.31494535040, 
0.0270004272461, 69.0, -93.0, 5.74514, -1.93631, 0.732488, 0.0, 0.536941, 0.31, 18.2541033987, -2.31494535040, 
0.0230331420898, 69.0, -93.0, 5.74514, -1.93631, 0.732488, 0.0, 0.536941, 0.31, 18.2541033987, -2.31494535040, 
0.038948059082, 69.0, -93.0, 3.52164, -0.0795932, 0.978995, 0.0, 0.696623, 0.31, 18.2541033987, -2.31494535040, 
0.0380554199219, 69.0, -93.0, 3.52164, -0.0795932, 0.978995, 0.0, 0.696623, 0.31, 18.2541033987, -2.31494535040, 
0.0376739501953, 69.0, -93.0, 3.52164, -0.0795932, 0.978995, 0.0, 0.696623, 0.31, 18.2541033987, -2.31494535040, 
0.037483215332, 69.0, -93.0, 3.52164, -0.0795932, 0.978995, 0.0, 0.696623, 0.31, 18.2541033987, -2.31494535040, 
0.0390853881836, 69.0, -93.0, 3.52164, -0.0795932, 0.978995, 0.0, 0.696623, 0.31, 18.2541033987, -2.31494535040, 
0.0380401611328, 69.0, -93.0, 3.52164, -0.0795932, 0.978995, 0.0, 0.696623, 0.31, 18.2541033987, -2.31494535040, 
0.0389862060547, 53.0, 9.0, -1.3052, -2.63161, 1.00919, 0.0, 0.673705, 0.31, 18.2541033987, -2.31494535040, 
0.039176940918, 53.0, 9.0, -1.3052, -2.63161, 1.00919, 0.0, 0.673705, 0.31, 18.2541033987, -2.31494535040, 
0.0398864746094, 53.0, 9.0, -1.3052, -2.63161, 1.00919, 0.0, 0.673705, 0.31, 18.2541033987, -2.31494535040, 
0.0282974243164, 53.0, 9.0, -1.3052, -2.63161, 1.00919, 0.0, 0.673705, 0.31, 18.2541033987, -2.31494535040, 
0.0349502563477, 53.0, 9.0, -2.53272, -2.14973, 359.314, 0.0, 0.571809, 0.31, 18.2541033987, -2.31494535040, 
0.0389251708984, 53.0, 9.0, -2.53272, -2.14973, 359.314, 0.0, 0.571809, 0.31, 18.2541033987, -2.31494535040, 
0.0386505126953, 53.0, 9.0, -2.53272, -2.14973, 359.314, 0.0, 0.571809, 0.31, 18.2541033987, -2.31494535040, 
0.038932800293, 53.0, 9.0, -2.53272, -2.14973, 359.314, 0.0, 0.571809, 0.31, 18.2541033987, -2.31494535040, 
0.0387496948242, 53.0, 9.0, -2.53272, -2.14973, 359.314, 0.0, 0.571809, 0.31, 18.2541033987, -2.31494535040, 
0.0374526977539, 53.0, 9.0, -2.53272, -2.14973, 359.314, 0.0, 0.571809, 0.31, 18.2541033987, -2.31494535040, 
0.0387725830078, 53.0, 9.0, -1.42313, -0.861239, 357.646, 0.0, 0.489358, 0.31, 18.2541033987, -2.31494535040, 
0.0385589599609, 36.0, 105.0, -1.42313, -0.861239, 357.646, 0.0, 0.489358, 0.32, 18.2541033987, -2.31494535040, 
0.0380401611328, 36.0, 105.0, -1.42313, -0.861239, 357.646, 0.0, 0.489358, 0.32, 18.2541033987, -2.31494535040, 
0.0389938354492, 36.0, 105.0, -1.42313, -0.861239, 357.646, 0.0, 0.489358, 0.32, 18.2541033987, -2.31494535040, 
0.0523910522461, 36.0, 105.0, 5.43617, 0.511693, 357.191, 0.0, 0.474065, 0.32, 18.2541033987, -2.31494535040, 
0.0390014648438, 36.0, 105.0, 5.43617, 0.511693, 357.191, 0.0, 0.474065, 0.32, 18.2541033987, -2.31494535040, 
0.0399932861328, 36.0, 105.0, 5.43617, 0.511693, 357.191, 0.0, 0.474065, 0.32, 18.2541033987, -2.31494535040, 
0.0379943847656, 36.0, 105.0, 5.43617, 0.511693, 357.191, 0.0, 0.474065, 0.32, 18.2541033987, -2.31494535040, 
0.0373229980469, 36.0, 105.0, 5.43617, 0.511693, 357.191, 0.0, 0.474065, 0.32, 18.2541033987, -2.31494535040, 
0.0381393432617, 36.0, 105.0, 6.93399, 0.389146, 357.103, 0.0, 0.659784, 0.32, 18.2541033987, -2.31494535040, 
0.0391998291016, 42.0, 132.0, 6.93399, 0.389146, 357.103, 0.0, 0.0, 0.32, 18.2541033987, -2.31494535040, 
0.0380020141602, 42.0, 132.0, 6.93399, 0.389146, 357.103, 0.0, 0.0, 0.32, 18.2541033987, -2.31494535040, 
0.0400009155273, 42.0, 132.0, 6.93399, 0.389146, 357.103, 0.0, 0.0, 0.32, 18.2541033987, -2.31494535040, 
0.0353393554688, 42.0, 132.0, 6.93399, 0.389146, 357.103, 0.0, 0.0, 0.32, 18.2541033987, -2.31494535040, 
0.0392150878906, 42.0, 132.0, -5.22172, 0.183813, 357.242, 0.0, 0.549641, 0.32, 18.2541033987, -2.31494535040, 
0.0397567749023, 42.0, 132.0, -5.22172, 0.183813, 357.242, 0.0, 0.549641, 0.32, 18.2541033987, -2.31494535040, 
0.0395126342773, 42.0, 132.0, -5.22172, 0.183813, 357.242, 0.0, 0.549641, 0.32, 18.2541033987, -2.31494535040, 
0.0381698608398, 42.0, 132.0, -5.22172, 0.183813, 357.242, 0.0, 0.549641, 0.32, 18.2541033987, -2.31494535040, 
0.0381088256836, 42.0, 132.0, -5.22172, 0.183813, 357.242, 0.0, 0.549641, 0.32, 18.2541033987, -2.31494535040, 
0.0375061035156, 42.0, 132.0, -5.22172, 0.183813, 357.242, 0.0, 0.549641, 0.32, 18.2541033987, -2.31494535040, 
0.0390014648438, 42.0, 132.0, -5.29650, 0.82098, 357.731, 0.0, 0.26534, 0.32, 18.2541033987, -2.31494535040, 
0.0363922119141, 1.0, -14.0, -5.29650, 0.82098, 357.731, 0.0, 0.26534, 0.33, 18.2541033987, -2.31494535040, 
0.0383987426758, 1.0, -14.0, -5.29650, 0.82098, 357.731, 0.0, 0.26534, 0.33, 18.2541033987, -2.31494535040, 
0.035888671875, 1.0, -14.0, -5.29650, 0.82098, 357.731, 0.0, 0.26534, 0.33, 18.2541033987, -2.31494535040, 
0.0381851196289, 1.0, -14.0, -5.29650, 0.82098, 357.731, 0.0, 0.26534, 0.33, 18.2541033987, -2.31494535040, 
0.0384368896484, 1.0, -14.0, -4.43011, 0.947522, 357.677, 0.0, 0.0476015, 0.33, 18.2541033987, -2.31494535040, 
0.0396881103516, 1.0, -14.0, -4.43011, 0.947522, 357.677, 0.0, 0.0476015, 0.33, 18.2541033987, -2.31494535040, 
0.0390777587891, 1.0, -14.0, -4.43011, 0.947522, 357.677, 0.0, 0.0476015, 0.33, 18.2541033987, -2.31494535040, 
0.0361709594727, 1.0, -14.0, -4.43011, 0.947522, 357.677, 0.0, 0.0476015, 0.33, 18.2541033987, -2.31494535040, 
0.0400466918945, 1.0, -14.0, -4.43011, 0.947522, 357.677, 0.0, 0.0476015, 0.33, 18.2541033987, -2.31494535040, 
0.0384902954102, 1.0, -14.0, -4.01151, 1.14388, 356.827, 0.0, 0.185275, 0.33, 18.2541033987, -2.31494535040, 
0.0380020141602, 1.0, -14.0, -4.01151, 1.14388, 356.827, 0.0, 0.185275, 0.33, 18.2541033987, -2.31494535040, 
0.0341567993164, 80.0, 99.0, -4.01151, 1.14388, 356.827, 0.0, 0.0, 0.35, 18.2541033987, -2.31494535040, 
0.0353012084961, 80.0, 99.0, -4.01151, 1.14388, 356.827, 0.0, 0.0, 0.35, 18.2541033987, -2.31494535040, 
0.0390090942383, 80.0, 99.0, -4.01151, 1.14388, 356.827, 0.0, 0.0, 0.35, 18.2541033987, -2.31494535040, 
0.0380020141602, 80.0, 99.0, -1.38044, 2.02395, 356.048, 0.0, 0.362654, 0.35, 18.2541033987, -2.31494535040, 
0.0639877319336, 80.0, 99.0, -1.38044, 2.02395, 356.048, 0.0, 0.362654, 0.35, 18.2541033987, -2.31494535040, 
0.0502166748047, 80.0, 99.0, -1.38044, 2.02395, 356.048, 0.0, 0.362654, 0.35, 18.2541033987, -2.31494535040, 
0.0386657714844, 80.0, 99.0, -1.38044, 2.02395, 356.048, 0.0, 0.362654, 0.35, 18.2541033987, -2.31494535040, 
0.0389862060547, 80.0, 99.0, 3.01802, -0.855098, 4.97318, 0.0, 0.272301, 0.35, 18.2541033987, -2.31494535040, 
0.0390014648438, 80.0, 99.0, 3.01802, -0.855098, 4.97318, 0.0, 0.272301, 0.35, 18.2541033987, -2.31494535040, 
0.0380401611328, -245.0, 366.0, 3.01802, -0.855098, 4.97318, 0.0, 0.272301, 0.34, 18.2541033987, -2.31494535040, 
0.036376953125, -245.0, 366.0, 3.01802, -0.855098, 4.97318, 0.0, 0.272301, 0.34, 18.2541033987, -2.31494535040, 
0.0380554199219, -245.0, 366.0, 3.01802, -0.855098, 4.97318, 0.0, 0.272301, 0.34, 18.2541033987, -2.31494535040, 
0.0400238037109, -245.0, 366.0, 4.15595, -1.44389, 1.61102, 0.0, 0.553434, 0.34, 18.2541033987, -2.31494535040, 
0.0350723266602, -245.0, 366.0, 4.15595, -1.44389, 1.61102, 0.0, 0.553434, 0.34, 18.2541033987, -2.31494535040, 
0.0398483276367, -245.0, 366.0, 4.15595, -1.44389, 1.61102, 0.0, 0.553434, 0.34, 18.2541033987, -2.31494535040, 
0.0415878295898, -245.0, 366.0, 4.15595, -1.44389, 1.61102, 0.0, 0.553434, 0.34, 18.2541033987, -2.31494535040, 
0.0387268066406, -245.0, 366.0, 4.15595, -1.44389, 1.61102, 0.0, 0.553434, 0.34, 18.2541033987, -2.31494535040, 
0.0388946533203, -245.0, 366.0, 0.708163, -2.83454, 358.795, 0.0, 0.600552, 0.34, 18.2541033987, -2.31494535040, 
0.0590133666992, -245.0, 366.0, 0.708163, -2.83454, 358.795, 0.0, 0.600552, 0.34, 18.2541033987, -2.31494535040, 
0.0339965820313, -17.0, 156.0, 0.708163, -2.83454, 358.795, 0.0, 0.0, 0.35, 18.2541033987, -2.31494535040, 
0.0380020141602, -17.0, 156.0, 0.708163, -2.83454, 358.795, 0.0, 0.0, 0.35, 18.2541033987, -2.31494535040, 
0.038703918457, -17.0, 156.0, 0.708163, -2.83454, 358.795, 0.0, 0.0, 0.35, 18.2541033987, -2.31494535040, 
0.0388717651367, -17.0, 156.0, -1.24111, -2.71768, 359.457, 0.0, 0.492151, 0.35, 18.2541033987, -2.31494535040, 
0.038948059082, -17.0, 156.0, -1.24111, -2.71768, 359.457, 0.0, 0.492151, 0.35, 18.2541033987, -2.31494535040, 
0.0448989868164, -17.0, 156.0, -1.24111, -2.71768, 359.457, 0.0, 0.492151, 0.35, 18.2541033987, -2.31494535040, 
0.0377655029297, -17.0, 156.0, -1.24111, -2.71768, 359.457, 0.0, 0.492151, 0.35, 18.2541033987, -2.31494535040, 
0.0238265991211, -17.0, 156.0, -1.56848, -2.18789, 359.582, 0.0, 0.366767, 0.35, 18.2541033987, -2.31494535040, 
0.0263900756836, -17.0, 156.0, -1.56848, -2.18789, 359.582, 0.0, 0.366767, 0.35, 18.2541033987, -2.31494535040, 
0.0259323120117, -17.0, 156.0, -1.56848, -2.18789, 359.582, 0.0, 0.366767, 0.35, 18.2541033987, -2.31494535040, 
0.0258102416992, -17.0, 156.0, -1.56848, -2.18789, 359.582, 0.0, 0.366767, 0.35, 18.2541033987, -2.31494535040, 
0.0252151489258, -17.0, 156.0, -1.56848, -2.18789, 359.582, 0.0, 0.366767, 0.35, 18.2541033987, -2.31494535040, 
0.0379257202148, -8.0, -58.0, -1.56848, -2.18789, 359.582, 0.0, 0.366767, 0.36, 18.2541033987, -2.31494535040, 
0.0381851196289, -8.0, -58.0, -1.56848, -2.18789, 359.582, 0.0, 0.366767, 0.36, 18.2541033987, -2.31494535040, 
0.0353927612305, -8.0, -58.0, -0.965333, -1.19882, 358.238, 0.0, 0.224039, 0.36, 18.2541033987, -2.31494535040, 
0.0352020263672, -8.0, -58.0, -0.965333, -1.19882, 358.238, 0.0, 0.224039, 0.36, 18.2541033987, -2.31494535040, 
0.0359954833984, -8.0, -58.0, -0.965333, -1.19882, 358.238, 0.0, 0.224039, 0.36, 18.2541033987, -2.31494535040, 
0.0379943847656, -8.0, -58.0, -0.965333, -1.19882, 358.238, 0.0, 0.224039, 0.36, 18.2541033987, -2.31494535040, 
0.03759765625, -8.0, -58.0, -0.965333, -1.19882, 358.238, 0.0, 0.224039, 0.36, 18.2541033987, -2.31494535040, 
0.0454864501953, -8.0, -58.0, 0.0193109, -1.49167, 357.782, 0.0, 0.16999, 0.36, 18.2541033987, -2.31494535040, 
0.0371704101563, -8.0, -58.0, 0.0193109, -1.49167, 357.782, 0.0, 0.16999, 0.36, 18.2541033987, -2.31494535040, 
0.0352401733398, 126.0, -42.0, 0.0193109, -1.49167, 357.782, 0.0, 0.0, 0.36, 18.2541033987, -2.31494535040, 
0.0380020141602, 126.0, -42.0, 0.0193109, -1.49167, 357.782, 0.0, 0.0, 0.36, 18.2541033987, -2.31494535040, 
0.0385437011719, 126.0, -42.0, 0.0193109, -1.49167, 357.782, 0.0, 0.0, 0.36, 18.2541033987, -2.31494535040, 
0.0383377075195, 126.0, -42.0, 0.695306, -1.07021, 357.320, 0.0, 0.138044, 0.36, 18.2541033987, -2.31494535040, 
0.0350341796875, 126.0, -42.0, 0.695306, -1.07021, 357.320, 0.0, 0.138044, 0.36, 18.2541033987, -2.31494535040, 
0.0380935668945, 126.0, -42.0, 0.695306, -1.07021, 357.320, 0.0, 0.138044, 0.36, 18.2541033987, -2.31494535040, 
0.0390396118164, 126.0, -42.0, 0.695306, -1.07021, 357.320, 0.0, 0.138044, 0.36, 18.2541033987, -2.31494535040, 
0.0488739013672, 126.0, -42.0, 0.819354, -0.297994, 355.821, 0.0, 0.13117, 0.36, 18.2541033987, -2.31494535040, 
0.0390548706055, 126.0, -42.0, 0.819354, -0.297994, 355.821, 0.0, 0.13117, 0.36, 18.2541033987, -2.31494535040, 
0.0361480712891, 126.0, -42.0, 0.819354, -0.297994, 355.821, 0.0, 0.13117, 0.36, 18.2541033987, -2.31494535040, 
0.0389862060547, 79.0, -29.0, 0.819354, -0.297994, 355.821, 0.0, 0.13117, 0.35, 18.2541033987, -2.31494535040, 
0.0338439941406, 79.0, -29.0, 0.819354, -0.297994, 355.821, 0.0, 0.13117, 0.35, 18.2541033987, -2.31494535040, 
0.0392227172852, 79.0, -29.0, 2.19575, -1.32537, 355.009, 0.0, 0.161262, 0.35, 18.2541033987, -2.31494535040, 
0.0400924682617, 79.0, -29.0, 2.19575, -1.32537, 355.009, 0.0, 0.161262, 0.35, 18.2541033987, -2.31494535040, 
0.036865234375, 79.0, -29.0, 2.19575, -1.32537, 355.009, 0.0, 0.161262, 0.35, 18.2541033987, -2.31494535040, 
0.0382080078125, 79.0, -29.0, 2.19575, -1.32537, 355.009, 0.0, 0.161262, 0.35, 18.2541033987, -2.31494535040, 
0.0382385253906, 79.0, -29.0, 2.19575, -1.32537, 355.009, 0.0, 0.161262, 0.35, 18.2541033987, -2.31494535040, 
0.0371856689453, 79.0, -29.0, 1.99556, -1.10598, 355.511, 0.0, 0.214506, 0.35, 18.2541033987, -2.31494535040, 
0.0381698608398, 79.0, -29.0, 1.99556, -1.10598, 355.511, 0.0, 0.214506, 0.35, 18.2541033987, -2.31494535040, 
0.0349960327148, 79.0, -29.0, 1.99556, -1.10598, 355.511, 0.0, 0.214506, 0.35, 18.2541033987, -2.31494535040, 
0.0380554199219, 79.0, -29.0, 1.99556, -1.10598, 355.511, 0.0, 0.214506, 0.35, 18.2541033987, -2.31494535040, 
0.0368881225586, -33.0, 154.0, 1.99556, -1.10598, 355.511, 0.0, 0.0, 0.36, 18.2541033987, -2.31494535040, 
