09, 1.910000, 25.990000, 4.740000, 5.690000
09, 1.890000, 25.990000, 4.740000, 5.690000
09, 1.890000, 25.990000, 4.790000, 5.790000
09, 1.890000, 25.990000, 4.820000, 5.830000
09, 1.890000, 25.990000, 4.820000, 5.830000
09, 1.900000, 25.990000, 4.880000, 5.870000
08, 1.900000, 25.990000, 4.880000, 6.040000
08, 1.910000, 25.990000, 4.850000, 6.040000
08, 1.910000, 25.990000, 4.780000, 6.090000
08, 1.950000, 25.990000, 4.780000, 6.090000
08, 1.980000, 25.990000, 4.830000, 6.160000
08, 1.980000, 25.990000, 4.760000, 6.190000
08, 2.040000, 25.990000, 4.760000, 6.190000
08, 2.110000, 25.990000, 4.750000, 6.310000
08, 2.110000, 25.990000, 4.750000, 6.350000
08, 2.170000, 25.990000, 4.780000, 6.350000
08, 2.220000, 25.990000, 4.710000, 6.400000
08, 2.220000, 25.990000, 4.710000, 6.490000
08, 2.300000, 25.990000, 4.750000, 6.490000
08, 2.300000, 25.990000, 4.710000, 6.610000
08, 2.350000, 25.990000, 4.710000, 6.610000
08, 2.470000, 25.990000, 4.630000, 6.630000
08, 2.470000, 25.990000, 4.580000, 6.720000
08, 2.550000, 25.990000, 4.580000, 6.720000
08, 2.620000, 25.990000, 4.530000, 6.780000
08, 2.620000, 25.990000, 4.500000, 6.820000
08, 2.660000, 25.990000, 4.500000, 6.820000
08, 2.700000, 25.990000, 4.500000, 6.900000
08, 2.700000, 25.990000, 4.500000, 6.960000
08, 2.790000, 25.990000, 4.370000, 6.960000
08, 2.830000, 25.990000, 4.340000, 7.080000
08, 2.830000, 25.990000, 4.340000, 7.080000
08, 2.860000, 25.990000, 4.350000, 7.200000
08, 2.860000, 25.990000, 4.320000, 7.280000
08, 2.900000, 25.990000, 4.320000, 7.280000
08, 2.980000, 25.990000, 4.290000, 7.350000
08, 2.980000, 25.990000, 4.230000, 7.440000
08, 3.040000, 25.990000, 4.230000, 7.440000
08, 3.080000, 25.990000, 4.160000, 7.450000
08, 3.080000, 25.990000, 4.160000, 7.560000
07, 3.120000, 25.990000, 4.180000, 7.560000
07, 3.180000, 25.990000, 4.200000, 7.630000
07, 3.180000, 25.990000, 4.200000, 7.640000
07, 3.260000, 25.990000, 4.240000, 7.640000
07, 3.260000, 25.969999, 4.140000, 7.800000
07, 3.310000, 25.969999, 4.140000, 7.800000
07, 3.320000, 25.889999, 4.180000, 7.780000
07, 3.320000, 25.889999, 4.150000, 7.870000
07, 3.320000, 25.500000, 4.150000, 7.870000
07, 3.330000, 23.629999, 4.170000, 7.990000
07, 3.330000, 23.629999, 4.170000, 7.990000
07, 3.320000, 14.620000, 4.180000, 7.990000
07, 3.320000, 25.990000, 4.190000, 8.030000
07, 3.320000, 25.990000, 4.190000, 8.210000
07, 3.270000, 25.990000, 4.260000, 8.210000
07, 3.220000, 25.990000, 4.290000, 8.330000
07, 3.220000, 25.990000, 4.290000, 8.330000
07, 3.150000, 25.990000, 4.260000, 8.330000
07, 3.150000, 25.990000, 4.280000, 8.470000
07, 3.030000, 25.990000, 4.280000, 8.470000
07, 2.960000, 25.990000, 4.400000, 8.440000
07, 2.960000, 25.990000, 4.400000, 8.510000
07, 2.890000, 25.990000, 4.460000, 8.510000
07, 2.780000, 25.990000, 4.560000, 8.540000
07, 2.780000, 25.990000, 4.560000, 8.540000
07, 2.640000, 25.990000, 4.640000, 8.540000
07, 2.640000, 25.990000, 4.720000, 8.620000
07, 2.560000, 25.990000, 4.720000, 8.620000
07, 2.450000, 25.990000, 4.880000, 8.620000
07, 2.450000, 25.990000, 4.970000, 8.740000
07, 2.380000, 25.990000, 4.970000, 8.740000
07, 2.270000, 25.990000, 5.020000, 8.670000
07, 2.270000, 25.990000, 5.020000, 8.700000
06, 2.130000, 25.990000, 5.230000, 8.700000
06, 2.070000, 25.990000, 5.240000, 8.730000
06, 2.070000, 25.990000, 5.240000, 8.850000
06, 1.990000, 25.990000, 5.390000, 8.850000
06, 1.990000, 25.969999, 5.440000, 8.890000
06, 1.960000, 25.969999, 5.440000, 8.890000
06, 1.880000, 25.889999, 5.500000, 8.920000
06, 1.880000, 25.889999, 5.590000, 8.760000
06, 1.810000, 25.490000, 5.590000, 8.760000
06, 1.780000, 23.590000, 5.640000, 8.220000
06, 1.780000, 23.590000, 5.640000, 7.850000
06, 1.750000, 14.430000, 5.640000, 7.850000
06, 1.810000, 25.990000, 5.600000, 7.720000
06, 1.810000, 25.990000, 5.600000, 7.990000
06, 2.020000, 25.990000, 5.530000, 7.990000
06, 2.160000, 25.990000, 5.440000, 8.360000
06, 2.160000, 25.990000, 5.440000, 8.370000
06, 2.340000, 25.990000, 5.510000, 8.370000
06, 2.340000, 25.990000, 5.340000, 8.080000
06, 2.430000, 25.990000, 5.340000, 8.080000
06, 2.540000, 25.990000, 5.150000, 7.940000
06, 2.540000, 25.990000, 5.150000, 7.970000
06, 2.690000, 25.990000, 4.950000, 7.970000
06, 2.920000, 25.990000, 4.660000, 7.900000
06, 2.920000, 25.990000, 4.660000, 7.870000
06, 3.140000, 25.990000, 4.310000, 7.870000
06, 3.370000, 25.990000, 4.120000, 7.910000
06, 3.370000, 25.990000, 4.120000, 7.910000
06, 3.670000, 25.990000, 3.940000, 7.910000
06, 3.670000, 25.990000, 3.740000, 7.800000
06, 4.080000, 25.990000, 3.740000, 7.800000
06, 4.280000, 25.990000, 3.480000, 7.830000
06, 4.280000, 25.990000, 3.300000, 7.860000
05, 4.440000, 25.990000, 3.300000, 7.860000
05, 4.620000, 25.990000, 3.110000, 7.890000
05, 4.620000, 25.990000, 3.110000, 7.930000
05, 4.770000, 25.990000, 3.000000, 7.930000
05, 4.980000, 25.990000, 2.850000, 7.940000
05, 4.980000, 25.990000, 2.850000, 7.990000
05, 5.080000, 25.990000, 2.690000, 7.990000
05, 5.080000, 25.990000, 2.620000, 8.040000
05, 5.160000, 25.990000, 2.620000, 8.040000
05, 5.200000, 25.990000, 2.570000, 8.060000
05, 5.200000, 25.990000, 2.500000, 8.110000
05, 5.270000, 25.990000, 2.500000, 8.110000
05, 5.260000, 25.990000, 2.430000, 8.190000
05, 5.260000, 25.990000, 2.430000, 8.230000
05, 5.280000, 25.990000, 2.390000, 8.230000
05, 5.270000, 25.990000, 2.370000, 8.340000
05, 5.270000, 25.990000, 2.370000, 8.400000
05, 5.220000, 25.990000, 2.380000, 8.400000
05, 5.090000, 25.990000, 2.420000, 8.440000
05, 5.090000, 25.990000, 2.420000, 8.440000
05, 4.950000, 25.990000, 2.540000, 8.590000
05, 4.950000, 25.990000, 2.780000, 8.520000
05, 4.800000, 25.990000, 2.780000, 8.520000
05, 4.670000, 25.990000, 2.870000, 8.800000
05, 4.670000, 25.990000, 2.870000, 8.860000
05, 4.510000, 25.990000, 2.980000, 8.860000
05, 4.320000, 25.990000, 3.020000, 9.630000
05, 4.320000, 25.990000, 3.020000, 12.330000
05, 4.210000, 25.990000, 3.150000, 12.330000
05, 4.210000, 25.990000, 3.330000, 25.280001
05, 4.050000, 25.990000, 3.330000, 25.280001
05, 3.900000, 25.990000, 3.400000, 22.549999
05, 3.900000, 25.990000, 3.550000, 9.410000
04, 3.660000, 25.990000, 3.550000, 9.410000
04, 3.550000, 25.980000, 3.590000, 9.420000
04, 3.550000, 25.980000, 3.590000, 9.590000
04, 3.480000, 25.920000, 3.720000, 9.590000
04, 3.430000, 25.629999, 3.680000, 9.670000
04, 3.430000, 25.629999, 3.680000, 10.410000
04, 3.450000, 24.240000, 3.690000, 10.410000
04, 3.450000, 17.549999, 3.730000, 12.990000
04, 3.510000, 17.549999, 3.730000, 12.990000
04, 3.600000, 23.850000, 3.760000, 25.330000
04, 3.600000, 15.700000, 3.760000, 22.799999
04, 3.660000, 15.700000, 3.760000, 22.799999
04, 3.670000, 15.800000, 3.760000, 10.640000
04, 3.670000, 15.800000, 3.730000, 13.170000
04, 3.630000, 17.059999, 3.730000, 13.170000
04, 3.600000, 23.709999, 3.770000, 23.420000
04, 3.600000, 23.709999, 3.770000, 13.620000
04, 3.540000, 15.010000, 3.810000, 13.620000
04, 3.540000, 15.090000, 3.840000, 25.469999
04, 3.500000, 15.090000, 3.840000, 25.469999
04, 3.450000, 14.740000, 3.880000, 23.480000
04, 3.450000, 14.440000, 3.960000, 13.890000
04, 3.380000, 14.440000, 3.960000, 13.890000
04, 3.200000, 14.370000, 3.980000, 23.010000
04, 3.200000, 14.370000, 4.100000, 11.660000
04, 3.080000, 14.150000, 4.100000, 11.660000
04, 2.960000, 14.080000, 4.230000, 11.810000
04, 2.960000, 14.080000, 4.230000, 12.320000
04, 2.830000, 14.010000, 4.380000, 12.320000
04, 2.670000, 13.870000, 4.470000, 12.400000
04, 2.670000, 13.870000, 4.470000, 12.510000
04, 2.440000, 13.840000, 4.550000, 12.510000
04, 2.440000, 13.890000, 4.680000, 12.720000
04, 2.330000, 13.890000, 4.680000, 12.720000
04, 2.240000, 13.870000, 4.920000, 12.970000
04, 2.240000, 13.870000, 5.000000, 13.000000
03, 2.170000, 13.810000, 5.000000, 13.000000
03, 2.040000, 13.780000, 5.160000, 12.910000
03, 2.040000, 13.780000, 5.160000, 12.880000
03, 1.950000, 13.720000, 5.240000, 12.880000
03, 1.890000, 13.500000, 5.420000, 12.920000
03, 1.890000, 13.500000, 5.420000, 12.770000
03, 1.860000, 13.290000, 5.580000, 12.770000
03, 1.860000, 13.180000, 5.600000, 13.080000
03, 1.830000, 13.180000, 5.600000, 13.080000
03, 1.810000, 13.100000, 5.720000, 14.680000
03, 1.810000, 13.100000, 5.770000, 23.290001
03, 1.810000, 12.920000, 5.770000, 23.290001
03, 1.810000, 12.740000, 5.700000, 12.970000
03, 1.810000, 12.740000, 5.700000, 14.790000
03, 1.830000, 12.520000, 5.770000, 14.790000
03, 1.840000, 12.630000, 5.740000, 23.350000
03, 1.840000, 12.630000, 5.740000, 13.270000
03, 1.880000, 12.640000, 5.680000, 13.270000
03, 1.880000, 12.570000, 5.670000, 13.390000
03, 1.900000, 12.570000, 5.670000, 13.690000
03, 1.940000, 12.590000, 5.480000, 13.690000
03, 1.940000, 12.590000, 5.330000, 13.760000
03, 2.010000, 12.660000, 5.330000, 13.760000
03, 2.170000, 12.640000, 5.130000, 13.960000
03, 2.170000, 12.640000, 5.130000, 14.420000
03, 2.350000, 12.580000, 5.020000, 14.420000
03, 2.560000, 12.400000, 4.830000, 15.920000
03, 2.560000, 12.400000, 4.830000, 23.940001
03, 2.760000, 12.290000, 4.560000, 23.940001
03, 2.760000, 12.180000, 4.360000, 16.129999
03, 3.000000, 12.180000, 4.360000, 16.129999
02, 3.360000, 12.150000, 4.140000, 23.950001
02, 3.360000, 12.120000, 3.990000, 16.180000
02, 3.560000, 12.120000, 3.990000, 16.180000
02, 3.780000, 11.900000, 3.750000, 25.510000
02, 3.780000, 11.900000, 3.480000, 23.680000
02, 3.990000, 11.890000, 3.480000, 23.680000
02, 4.240000, 11.660000, 3.310000, 14.870000
02, 4.240000, 11.660000, 3.310000, 25.990000
02, 4.620000, 11.500000, 3.190000, 25.990000
02, 4.750000, 11.480000, 3.030000, 25.990000
02, 4.750000, 11.480000, 3.030000, 25.990000
02, 4.950000, 11.340000, 2.850000, 25.990000
02, 4.950000, 11.100000, 2.760000, 25.990000
02, 5.060000, 11.100000, 2.760000, 25.990000
02, 5.220000, 10.980000, 2.670000, 25.990000
02, 5.220000, 10.980000, 2.540000, 25.990000
02, 5.480000, 10.860000, 2.540000, 25.990000
02, 5.600000, 10.710000, 2.440000, 25.990000
02, 5.600000, 10.710000, 2.440000, 25.990000
02, 5.550000, 10.560000, 2.410000, 25.990000
02, 5.480000, 10.280000, 2.380000, 25.990000
02, 5.480000, 10.280000, 2.380000, 25.990000
02, 5.320000, 10.130000, 2.420000, 25.990000
02, 5.320000, 9.870000, 2.470000, 25.990000
02, 5.030000, 9.870000, 2.470000, 25.990000
02, 4.920000, 9.730000, 2.630000, 25.990000
02, 4.920000, 9.730000, 3.370000, 25.990000
02, 4.750000, 9.460000, 3.370000, 25.990000
02, 4.670000, 9.000000, 6.840000, 25.990000
02, 4.670000, 9.000000, 6.840000, 25.990000
02, 4.360000, 8.760000, 22.969999, 25.990000
02, 4.290000, 8.540000, 11.440000, 25.990000
02, 4.290000, 8.540000, 11.440000, 25.990000
02, 4.280000, 8.240000, 11.480000, 25.990000
01, 4.280000, 7.990000, 11.670000, 25.990000
01, 4.250000, 7.990000, 11.670000, 25.990000
01, 4.280000, 7.460000, 11.730000, 25.990000
01, 4.280000, 7.160000, 11.770000, 25.990000
01, 4.510000, 7.160000, 11.770000, 25.990000
01, 4.410000, 6.870000, 11.720000, 25.990000
01, 4.410000, 6.870000, 11.620000, 25.990000
01, 4.240000, 6.580000, 11.620000, 25.990000
01, 4.030000, 6.250000, 11.610000, 25.990000
01, 4.030000, 6.250000, 11.610000, 25.990000
01, 3.830000, 5.790000, 11.720000, 25.990000
01, 3.830000, 5.490000, 11.820000, 25.990000
01, 3.710000, 5.490000, 11.820000, 25.990000
01, 3.680000, 5.230000, 11.770000, 25.990000
01, 3.680000, 4.970000, 11.700000, 25.990000
01, 3.640000, 4.970000, 11.700000, 25.990000
01, 3.600000, 4.520000, 11.700000, 25.990000
01, 3.600000, 4.520000, 11.660000, 25.990000
01, 3.560000, 4.260000, 11.660000, 25.990000
01, 3.540000, 4.040000, 11.600000, 25.990000
01, 3.540000, 4.040000, 11.600000, 25.990000
01, 3.570000, 3.820000, 11.600000, 25.990000
01, 3.590000, 3.470000, 11.700000, 25.990000
01, 3.590000, 3.470000, 11.700000, 25.990000
01, 3.580000, 3.060000, 11.630000, 25.990000
01, 3.580000, 2.870000, 11.560000, 25.990000
01, 3.640000, 2.870000, 11.560000, 25.990000
01, 3.720000, 2.690000, 11.430000, 25.990000
01, 3.720000, 2.690000, 11.580000, 25.990000
01, 3.770000, 2.500000, 11.580000, 25.990000
01, 3.810000, 2.330000, 11.460000, 25.990000
01, 3.810000, 2.330000, 11.310000, 25.990000
01, 3.880000, 2.050000, 11.310000, 25.990000
00, 4.000000, 1.950000, 11.260000, 25.990000
00, 4.000000, 1.950000, 11.260000, 25.990000
00, 4.210000, 1.880000, 11.390000, 25.990000
00, 4.210000, 1.850000, 11.310000, 25.990000
00, 4.370000, 1.850000, 11.310000, 25.990000
00, 4.560000, 1.830000, 10.970000, 25.990000
00, 4.560000, 1.830000, 10.890000, 25.990000
00, 4.730000, 1.870000, 10.890000, 25.990000
00, 4.930000, 1.880000, 11.050000, 25.990000
00, 4.930000, 1.880000, 11.050000, 25.990000
00, 5.070000, 1.880000, 11.050000, 25.990000
00, 5.130000, 1.880000, 10.980000, 25.990000
00, 5.130000, 1.880000, 10.980000, 25.990000
00, 5.240000, 1.900000, 10.660000, 25.990000
00, 5.380000, 1.900000, 10.550000, 25.990000
00, 5.380000, 1.900000, 10.550000, 25.990000
00, 5.650000, 1.900000, 10.390000, 25.990000
00, 5.650000, 1.870000, 10.420000, 25.990000
00, 5.760000, 1.870000, 10.420000, 25.990000
00, 5.880000, 1.840000, 10.250000, 25.990000
00, 5.880000, 1.840000, 9.900000, 25.990000
00, 6.020000, 1.870000, 9.900000, 25.990000
00, 6.170000, 1.910000, 9.930000, 25.959999
00, 6.170000, 1.910000, 9.930000, 25.809999
00, 6.480000, 1.950000, 9.650000, 25.809999
00, 6.700000, 2.050000, 9.470000, 25.120001
00, 6.700000, 2.050000, 9.470000, 21.809999
00, 6.900000, 2.180000, 9.260000, 21.809999
00, 6.900000, 2.290000, 8.960000, 5.860000
00, 7.030000, 2.290000, 8.960000, 5.940000
00, 7.430000, 2.520000, 8.800000, 5.940000
00, 7.430000, 2.520000, 8.540000, 6.370000
00, 7.630000, 2.670000, 8.540000, 8.890000
59, 7.800000, 2.800000, 8.340000, 8.890000
59, 7.800000, 2.800000, 7.960000, 21.700001
59, 8.090000, 2.910000, 7.960000, 21.700001
59, 8.250000, 3.090000, 7.720000, 5.350000
59, 8.250000, 3.090000, 7.720000, 6.090000
59, 8.530000, 3.250000, 7.570000, 6.090000
59, 8.530000, 3.410000, 7.410000, 9.550000
59, 8.770000, 3.410000, 7.410000, 25.990000
59, 8.860000, 3.560000, 7.240000, 25.990000
59, 8.860000, 3.740000, 7.050000, 25.990000
59, 9.030000, 3.740000, 7.050000, 25.990000
59, 9.230000, 4.010000, 6.740000, 25.990000
59, 9.230000, 4.010000, 6.620000, 25.990000
59, 9.560000, 4.160000, 6.620000, 25.990000
59, 9.780000, 4.250000, 6.420000, 25.990000
59, 9.780000, 4.250000, 6.420000, 25.990000
59, 9.850000, 4.420000, 6.300000, 25.990000
59, 9.900000, 4.620000, 6.140000, 25.990000
59, 9.900000, 4.620000, 6.140000, 25.990000
59, 10.050000, 4.890000, 5.930000, 25.990000
59, 10.050000, 5.100000, 5.870000, 25.990000
59, 10.130000, 5.100000, 5.870000, 25.990000
59, 10.250000, 5.280000, 5.730000, 25.990000
59, 10.250000, 5.280000, 5.680000, 25.990000
59, 10.370000, 5.520000, 5.680000, 25.990000
59, 10.430000, 5.820000, 5.700000, 25.990000
59, 10.430000, 5.820000, 5.700000, 25.990000
59, 10.460000, 6.190000, 5.700000, 25.990000
59, 10.640000, 6.530000, 5.690000, 25.990000
59, 10.640000, 6.530000, 5.690000, 25.990000
59, 10.550000, 6.630000, 5.700000, 25.990000
59, 10.650000, 7.000000, 5.660000, 25.990000
59, 10.650000, 7.000000, 5.660000, 25.990000
58, 10.570000, 7.380000, 5.650000, 25.990000
58, 10.570000, 7.380000, 5.590000, 25.990000
58, 10.480000, 7.660000, 5.590000, 25.990000
58, 10.190000, 7.920000, 5.590000, 25.990000
58, 10.190000, 7.920000, 5.590000, 25.990000
58, 9.930000, 8.310000, 5.590000, 25.990000
58, 8.400000, 8.450000, 5.580000, 25.990000
58, 8.400000, 8.450000, 5.580000, 25.980000
58, 2.630000, 9.060000, 5.580000, 25.980000
58, 2.630000, 9.190000, 5.580000, 25.920000
58, 2.140000, 9.190000, 5.580000, 25.920000
58, 2.120000, 9.520000, 5.650000, 25.660000
58, 2.120000, 9.520000, 5.690000, 24.410000
58, 2.010000, 9.730000, 5.690000, 24.410000
58, 1.980000, 10.100000, 5.820000, 18.389999
58, 1.980000, 10.100000, 5.820000, 19.290001
58, 1.910000, 10.570000, 5.850000, 19.290001
58, 1.900000, 10.820000, 5.780000, 24.480000
58, 1.900000, 10.820000, 5.830000, 18.719999
58, 1.930000, 10.980000, 5.830000, 18.719999
58, 1.930000, 11.380000, 5.810000, 24.000000
58, 2.010000, 11.380000, 5.890000, 16.379999
58, 2.130000, 11.870000, 5.890000, 16.379999
58, 2.130000, 11.870000, 5.830000, 16.139999
58, 2.250000, 12.080000, 5.830000, 16.139999
58, 2.310000, 12.340000, 5.640000, 15.800000
58, 2.310000, 12.340000, 5.570000, 15.500000
58, 2.340000, 12.590000, 5.570000, 15.500000
58, 2.380000, 12.940000, 5.550000, 15.200000
58, 2.380000, 12.940000, 5.550000, 14.690000
58, 2.430000, 13.450000, 5.440000, 14.690000
58, 2.580000, 13.680000, 5.370000, 14.400000
58, 2.580000, 13.680000, 5.370000, 14.080000
58, 2.680000, 14.010000, 5.370000, 14.080000
57, 2.680000, 14.360000, 5.370000, 13.780000
57, 2.720000, 14.360000, 5.370000, 13.780000
57, 2.720000, 14.770000, 5.240000, 13.250000
57, 2.720000, 14.770000, 5.290000, 12.930000
57, 2.770000, 15.340000, 5.290000, 12.930000
57, 2.880000, 15.710000, 5.290000, 12.610000
57, 2.880000, 15.710000, 5.190000, 12.320000
57, 2.920000, 16.430000, 5.190000, 12.320000
57, 2.960000, 18.379999, 5.220000, 11.980000
57, 2.960000, 18.379999, 5.220000, 11.420000
57, 2.990000, 25.990000, 5.220000, 11.420000
57, 2.990000, 25.990000, 5.180000, 11.140000
57, 3.060000, 25.990000, 5.180000, 11.140000
57, 3.140000, 25.990000, 5.160000, 10.880000
57, 3.140000, 25.990000, 5.240000, 10.540000
57, 3.070000, 25.990000, 5.240000, 10.540000
57, 2.960000, 25.990000, 5.240000, 10.070000
57, 2.960000, 25.990000, 5.240000, 9.810000
57, 2.850000, 25.990000, 5.140000, 9.810000
57, 2.910000, 25.990000, 5.080000, 9.550000
57, 2.910000, 25.990000, 5.150000, 9.280000
57, 3.120000, 25.990000, 5.150000, 9.280000
57, 3.110000, 25.990000, 5.880000, 8.980000
57, 3.110000, 25.990000, 5.880000, 8.550000
57, 3.040000, 25.990000, 8.970000, 8.550000
57, 3.040000, 25.990000, 23.240000, 8.290000
57, 2.940000, 25.990000, 23.240000, 8.070000
57, 2.890000, 25.990000, 12.730000, 8.070000
57, 2.890000, 25.990000, 12.510000, 7.800000
57, 2.880000, 25.990000, 12.510000, 7.800000
57, 2.850000, 25.990000, 12.550000, 7.390000
57, 2.850000, 25.990000, 12.750000, 7.130000
57, 2.810000, 25.990000, 12.750000, 7.130000
56, 2.770000, 25.990000, 12.910000, 6.920000
56, 2.770000, 25.990000, 12.910000, 6.710000
56, 2.700000, 25.990000, 14.980000, 6.710000
56, 2.700000, 25.990000, 25.500000, 6.470000
56, 2.690000, 25.990000, 25.500000, 6.090000
56, 2.660000, 25.990000, 23.629999, 6.090000
56, 2.660000, 25.990000, 14.640000, 5.900000
56, 2.650000, 25.990000, 14.640000, 5.900000
56, 2.580000, 25.990000, 23.190001, 5.730000
56, 2.580000, 25.990000, 12.530000, 5.490000
56, 2.490000, 25.990000, 12.530000, 5.490000
56, 2.450000, 25.990000, 12.840000, 5.190000
56, 2.450000, 25.990000, 12.840000, 5.000000
56, 2.410000, 25.990000, 14.610000, 5.000000
56, 2.410000, 25.990000, 23.230000, 4.830000
56, 2.370000, 25.990000, 23.230000, 4.830000
56, 2.330000, 25.990000, 12.690000, 4.650000
56, 2.330000, 25.990000, 13.080000, 4.450000
56, 2.230000, 25.990000, 13.080000, 4.450000
56, 2.180000, 25.990000, 13.200000, 4.200000
56, 2.180000, 25.990000, 13.050000, 4.080000
56, 2.140000, 25.990000, 13.050000, 4.080000
56, 2.100000, 25.990000, 15.220000, 3.930000
56, 2.100000, 25.990000, 15.220000, 3.760000
56, 2.070000, 25.990000, 25.420000, 3.760000
56, 2.030000, 25.990000, 23.230000, 3.540000
56, 2.030000, 25.990000, 23.230000, 3.430000
56, 2.020000, 25.990000, 12.690000, 3.430000
56, 2.020000, 25.990000, 12.800000, 3.360000
56, 2.010000, 25.990000, 12.800000, 3.360000
56, 2.050000, 25.990000, 13.110000, 3.240000
56, 2.050000, 25.990000, 13.110000, 3.140000
56, 2.060000, 25.990000, 15.300000, 3.140000
55, 2.080000, 25.990000, 23.490000, 2.960000
55, 2.080000, 25.990000, 23.490000, 2.880000
55, 2.090000, 25.990000, 13.940000, 2.880000
55, 2.090000, 25.990000, 25.510000, 2.810000
55, 2.090000, 25.990000, 25.510000, 2.740000
55, 2.130000, 25.990000, 23.670000, 2.740000
55, 2.130000, 25.990000, 14.820000, 2.640000
55, 2.180000, 25.990000, 14.820000, 2.530000
55, 2.210000, 25.990000, 23.709999, 2.530000
55, 2.210000, 25.990000, 15.010000, 2.450000
55, 2.240000, 25.990000, 15.010000, 2.450000
55, 2.240000, 25.990000, 23.750000, 2.420000
55, 2.240000, 25.990000, 23.750000, 2.310000
55, 2.230000, 25.990000, 15.200000, 2.310000
55, 2.230000, 25.990000, 25.990000, 2.260000
55, 2.230000, 25.990000, 25.990000, 2.210000
55, 2.230000, 25.990000, 25.990000, 2.210000
55, 2.230000, 25.990000, 25.990000, 2.170000
55, 2.230000, 25.990000, 25.990000, 2.170000
55, 2.230000, 25.990000, 25.990000, 2.170000
55, 2.230000, 25.990000, 25.990000, 2.080000
55, 2.230000, 25.990000, 25.990000, 2.080000
55, 2.300000, 25.990000, 25.990000, 2.020000
55, 2.300000, 25.990000, 25.990000, 1.980000
55, 2.340000, 25.990000, 25.990000, 1.980000
55, 2.370000, 25.990000, 25.990000, 1.910000
55, 2.370000, 25.990000, 25.990000, 1.860000
55, 2.420000, 25.990000, 25.990000, 1.860000
55, 2.420000, 25.990000, 25.969999, 1.820000
55, 2.490000, 25.990000, 25.969999, 1.790000
55, 2.600000, 25.990000, 25.870001, 1.790000
55, 2.600000, 25.990000, 25.410000, 1.760000
55, 2.680000, 25.990000, 25.410000, 1.760000
54, 2.720000, 25.990000, 23.180000, 1.740000
54, 2.720000, 25.990000, 12.480000, 1.780000
54, 2.820000, 25.990000, 12.480000, 1.780000
54, 2.900000, 25.990000, 25.870001, 1.820000
54, 2.900000, 25.990000, 25.870001, 1.810000
54, 3.020000, 25.990000, 25.410000, 1.810000
54, 3.100000, 25.990000, 23.180000, 1.820000
54, 3.100000, 25.990000, 23.180000, 1.850000
54, 3.150000, 25.990000, 12.460000, 1.850000
54, 3.150000, 25.990000, 12.430000, 1.910000
54, 3.270000, 25.990000, 12.430000, 1.910000
54, 3.450000, 25.990000, 12.320000, 1.990000
54, 3.450000, 25.990000, 12.150000, 2.020000
54, 3.570000, 25.990000, 12.150000, 2.020000
54, 3.650000, 25.990000, 11.880000, 2.080000
54, 3.650000, 25.990000, 11.880000, 2.170000
54, 3.780000, 25.990000, 11.700000, 2.170000
54, 3.900000, 25.990000, 11.910000, 2.240000
54, 3.900000, 25.990000, 11.910000, 2.300000
54, 4.110000, 25.990000, 13.900000, 2.300000
54, 4.230000, 25.990000, 23.490000, 2.340000
54, 4.230000, 25.990000, 13.940000, 2.420000
54, 4.320000, 25.990000, 13.940000, 2.420000
54, 4.320000, 25.990000, 22.940001, 2.490000
54, 4.440000, 25.990000, 22.940001, 2.490000
54, 4.520000, 25.990000, 11.310000, 2.520000
54, 4.520000, 25.990000, 11.090000, 2.540000
54, 4.710000, 25.990000, 11.090000, 2.540000
54, 4.830000, 25.990000, 11.030000, 2.560000
54, 4.830000, 25.990000, 11.030000, 2.560000
54, 4.950000, 25.990000, 10.860000, 2.560000
54, 5.100000, 25.990000, 10.860000, 2.640000
54, 5.100000, 25.990000, 10.860000, 2.710000
54, 5.260000, 25.990000, 10.660000, 2.710000
53, 5.260000, 25.990000, 10.510000, 2.760000
53, 5.540000, 25.990000, 10.510000, 2.760000
53, 5.640000, 25.990000, 10.310000, 2.800000
53, 5.640000, 25.990000, 10.140000, 2.810000
53, 5.800000, 25.990000, 10.140000, 2.810000
53, 5.930000, 25.990000, 10.050000, 2.770000
53, 5.930000, 25.990000, 10.050000, 2.770000
53, 6.060000, 25.990000, 9.750000, 2.770000
53, 6.430000, 25.990000, 9.540000, 2.770000
53, 6.430000, 25.990000, 9.540000, 2.840000
53, 6.670000, 25.990000, 9.420000, 2.840000
53, 6.670000, 25.990000, 9.190000, 2.900000
53, 7.280000, 25.990000, 9.190000, 2.900000
53, 10.000000, 25.990000, 9.060000, 2.900000
53, 10.000000, 25.990000, 8.900000, 2.940000
53, 22.090000, 25.990000, 8.900000, 2.940000
53, 7.210000, 25.990000, 8.640000, 2.940000
53, 7.210000, 25.990000, 8.430000, 2.940000
53, 7.350000, 25.990000, 8.430000, 2.940000
53, 7.410000, 25.990000, 8.320000, 3.000000
53, 7.410000, 25.990000, 8.320000, 3.080000
53, 7.550000, 25.990000, 8.220000, 3.080000
53, 7.820000, 25.980000, 7.810000, 3.160000
53, 7.820000, 25.980000, 7.810000, 3.160000
53, 7.940000, 25.950001, 7.580000, 3.320000
53, 7.940000, 25.799999, 7.490000, 3.440000
53, 8.170000, 25.799999, 7.490000, 3.440000
53, 8.750000, 25.059999, 7.490000, 3.600000
53, 8.750000, 25.059999, 7.330000, 3.800000
53, 11.720000, 21.480000, 7.330000, 3.800000
53, 25.260000, 4.280000, 7.040000, 3.930000
53, 25.260000, 4.280000, 7.040000, 4.170000
53, 22.480000, 4.510000, 6.840000, 4.170000
52, 9.100000, 5.300000, 6.690000, 4.330000
52, 9.100000, 5.300000, 6.510000, 4.450000
52, 11.610000, 8.880000, 6.510000, 4.450000
52, 11.610000, 25.990000, 6.250000, 4.630000
52, 23.059999, 25.990000, 6.250000, 4.630000
52, 11.860000, 25.990000, 6.010000, 4.860000
52, 11.860000, 25.990000, 5.940000, 5.040000
52, 23.120001, 25.990000, 5.940000, 5.040000
52, 12.190000, 25.990000, 5.790000, 5.200000
52, 12.190000, 25.990000, 5.790000, 5.360000
52, 25.870001, 25.990000, 5.640000, 5.360000
52, 25.379999, 25.990000, 5.440000, 5.560000
52, 25.379999, 25.990000, 5.440000, 5.870000
52, 23.030001, 25.990000, 5.170000, 5.870000
52, 23.030001, 25.990000, 5.120000, 6.080000
52, 11.740000, 25.990000, 5.120000, 6.080000
52, 25.990000, 25.990000, 5.020000, 6.270000
52, 25.990000, 25.990000, 4.960000, 6.500000
52, 25.990000, 25.990000, 4.960000, 6.500000
52, 25.990000, 25.990000, 4.810000, 6.880000
52, 25.990000, 25.990000, 4.810000, 7.070000
52, 25.990000, 25.990000, 4.810000, 7.070000
52, 25.990000, 25.990000, 4.760000, 7.310000
52, 25.990000, 25.990000, 4.760000, 7.510000
52, 25.980000, 25.990000, 4.690000, 7.510000
52, 25.980000, 25.990000, 4.600000, 7.790000
52, 25.950001, 25.990000, 4.600000, 7.790000
52, 25.790001, 25.990000, 4.530000, 8.180000
52, 25.790001, 25.990000, 4.500000, 8.380000
52, 25.010000, 25.990000, 4.500000, 8.380000
52, 21.250000, 25.990000, 4.580000, 8.630000
52, 21.250000, 25.990000, 4.580000, 8.890000
52, 3.170000, 25.990000, 4.580000, 8.890000
51, 3.090000, 25.990000, 4.510000, 9.280000
51, 3.090000, 25.990000, 4.510000, 9.520000
51, 3.050000, 25.990000, 4.380000, 9.520000
51, 3.050000, 25.990000, 4.400000, 9.750000
51, 3.050000, 25.990000, 4.400000, 9.750000
51, 2.970000, 25.990000, 4.400000, 10.020000
51, 2.970000, 25.990000, 4.330000, 10.250000
51, 2.940000, 25.990000, 4.330000, 10.250000
51, 2.980000, 25.990000, 4.250000, 10.680000
51, 2.980000, 25.990000, 4.250000, 10.920000
51, 3.010000, 25.990000, 4.250000, 10.920000
51, 3.010000, 25.990000, 4.100000, 11.190000
51, 3.010000, 25.990000, 4.100000, 11.500000
51, 2.990000, 25.980000, 4.160000, 11.500000
51, 2.990000, 25.910000, 4.170000, 11.960000
51, 2.970000, 25.910000, 4.170000, 12.170000
51, 2.900000, 25.610001, 4.240000, 12.170000
51, 2.900000, 25.610001, 4.300000, 12.420000
51, 2.870000, 24.150000, 4.300000, 12.420000
51, 2.870000, 17.120001, 4.370000, 12.670000
51, 2.870000, 17.120001, 4.370000, 12.880000
51, 2.840000, 25.910000, 4.400000, 12.880000
51, 2.830000, 25.590000, 4.440000, 13.320000
51, 2.830000, 25.590000, 4.440000, 13.560000
51, 2.820000, 24.040001, 4.490000, 13.560000
51, 2.820000, 16.590000, 4.520000, 13.790000
51, 2.820000, 16.590000, 4.520000, 13.980000
51, 2.810000, 25.549999, 4.520000, 13.980000
51, 2.810000, 23.850000, 4.510000, 14.360000
51, 2.810000, 23.850000, 4.510000, 14.360000
51, 2.780000, 15.660000, 4.530000, 14.570000
51, 2.780000, 15.660000, 4.590000, 14.850000
51, 2.750000, 23.559999, 4.590000, 14.850000
50, 2.690000, 14.310000, 4.660000, 14.990000
50, 2.690000, 14.310000, 4.660000, 15.150000
50, 2.660000, 15.700000, 4.710000, 15.150000
50, 2.640000, 25.990000, 4.750000, 15.570000
50, 2.640000, 25.990000, 4.750000, 15.810000
50, 2.670000, 25.969999, 4.790000, 15.810000
50, 2.670000, 25.889999, 4.800000, 15.960000
50, 2.730000, 25.889999, 4.800000, 15.960000
50, 2.740000, 25.510000, 4.880000, 16.120001
50, 2.740000, 25.510000, 4.850000, 16.469999
50, 2.760000, 23.660000, 4.850000, 16.469999
50, 2.730000, 14.750000, 4.870000, 16.670000
50, 2.730000, 14.750000, 4.870000, 16.910000
50, 2.580000, 23.100000, 4.910000, 16.910000
50, 2.470000, 12.080000, 4.910000, 17.150000
50, 2.470000, 12.080000, 4.910000, 17.570000
50, 2.360000, 14.400000, 4.890000, 17.570000
50, 2.360000, 25.480000, 4.910000, 17.969999
50, 2.260000, 25.480000, 4.910000, 17.969999
50, 2.210000, 23.530001, 4.990000, 19.650000
50, 2.210000, 23.530001, 5.110000, 25.990000
50, 2.190000, 14.120000, 5.110000, 25.990000
50, 2.210000, 22.969999, 5.230000, 25.990000
50, 2.210000, 22.969999, 5.240000, 25.990000
50, 2.200000, 11.450000, 5.240000, 25.990000
50, 2.190000, 11.410000, 5.270000, 25.990000
50, 2.190000, 11.410000, 5.270000, 25.990000
50, 2.220000, 11.140000, 5.290000, 25.990000
50, 2.260000, 10.690000, 5.290000, 25.990000
50, 2.260000, 10.690000, 5.290000, 25.990000
50, 2.260000, 10.930000, 5.370000, 25.990000
50, 2.260000, 10.730000, 5.410000, 25.990000
50, 2.300000, 10.730000, 5.410000, 25.990000
50, 2.360000, 10.940000, 5.450000, 25.990000
49, 2.440000, 10.750000, 5.380000, 25.990000
49, 2.440000, 10.750000, 5.130000, 25.990000
49, 2.550000, 11.100000, 5.130000, 25.990000
49, 2.550000, 10.990000, 5.030000, 25.990000
49, 2.590000, 10.990000, 5.030000, 25.990000
49, 2.670000, 10.540000, 4.990000, 25.990000
49, 2.670000, 10.150000, 4.980000, 25.990000
49, 2.790000, 10.150000, 4.980000, 25.990000
49, 2.970000, 9.930000, 4.830000, 25.990000
49, 2.970000, 9.770000, 4.720000, 25.990000
49, 3.060000, 9.770000, 4.720000, 25.990000
49, 3.180000, 9.370000, 4.590000, 25.990000
49, 3.180000, 9.370000, 4.590000, 25.990000
49, 3.290000, 8.610000, 4.490000, 25.990000
49, 3.420000, 8.310000, 4.360000, 25.990000
49, 3.420000, 8.310000, 4.360000, 25.990000
49, 3.650000, 8.150000, 4.210000, 25.990000
49, 3.650000, 8.440000, 4.070000, 25.990000
49, 3.780000, 8.440000, 4.070000, 25.990000
49, 3.900000, 8.450000, 3.820000, 25.990000
49, 3.900000, 8.450000, 3.710000, 25.990000
49, 4.030000, 8.520000, 3.710000, 25.990000
49, 4.160000, 8.270000, 3.570000, 25.990000
49, 4.160000, 8.270000, 3.570000, 25.990000
49, 4.360000, 7.970000, 3.460000, 25.990000
49, 4.430000, 7.960000, 3.260000, 25.990000
49, 4.430000, 7.960000, 3.260000, 25.990000
49, 4.550000, 7.810000, 3.150000, 25.990000
49, 4.550000, 7.580000, 3.050000, 25.990000
49, 4.630000, 7.580000, 3.050000, 25.990000
49, 4.740000, 7.240000, 3.000000, 25.990000
49, 4.740000, 7.240000, 2.930000, 25.990000
49, 4.900000, 7.080000, 2.930000, 25.990000
48, 4.950000, 6.840000, 2.860000, 25.990000
48, 4.950000, 6.840000, 2.860000, 25.990000
48, 4.990000, 6.750000, 2.860000, 25.990000
48, 5.060000, 6.620000, 2.830000, 25.990000
48, 5.060000, 6.620000, 2.830000, 25.990000
48, 5.110000, 6.430000, 2.820000, 25.990000
48, 5.130000, 6.510000, 2.840000, 25.990000
48, 5.130000, 6.510000, 2.840000, 25.990000
48, 5.160000, 6.320000, 2.850000, 25.990000
48, 5.160000, 6.510000, 2.850000, 25.990000
48, 5.150000, 6.510000, 2.850000, 25.990000
48, 5.130000, 6.780000, 2.880000, 25.990000
48, 5.130000, 6.780000, 2.880000, 25.990000
48, 5.060000, 6.900000, 2.960000, 25.990000
48, 5.030000, 7.280000, 3.000000, 25.990000
48, 5.030000, 7.280000, 3.000000, 25.990000
48, 5.000000, 7.310000, 3.080000, 25.990000
48, 4.930000, 7.020000, 3.160000, 25.990000
48, 4.930000, 7.020000, 3.160000, 25.990000
48, 4.880000, 6.970000, 3.240000, 25.990000
48, 4.880000, 6.540000, 3.310000, 25.990000
48, 4.790000, 6.540000, 3.310000, 25.990000
48, 4.680000, 5.600000, 3.430000, 25.990000
48, 4.680000, 5.600000, 3.720000, 25.990000
48, 4.610000, 4.990000, 3.720000, 25.990000
48, 4.590000, 4.810000, 3.860000, 25.990000
48, 4.590000, 4.810000, 3.860000, 25.990000
48, 4.520000, 4.650000, 4.040000, 25.990000
48, 4.470000, 4.450000, 4.260000, 25.969999
48, 4.470000, 4.450000, 4.260000, 25.900000
48, 4.380000, 4.370000, 4.280000, 25.900000
48, 4.310000, 4.260000, 4.140000, 25.559999
48, 4.310000, 4.260000, 4.140000, 23.930000
48, 4.260000, 4.200000, 4.150000, 23.930000
47, 4.260000, 4.050000, 4.150000, 16.049999
47, 4.190000, 4.050000, 4.150000, 16.049999
47, 4.080000, 3.820000, 4.190000, 18.190001
47, 4.080000, 3.820000, 4.260000, 25.990000
47, 4.090000, 3.730000, 4.260000, 25.990000
47, 4.020000, 3.690000, 4.300000, 25.990000
47, 4.020000, 3.690000, 4.300000, 25.990000
47, 3.950000, 3.690000, 4.360000, 25.990000
47, 3.910000, 3.650000, 4.360000, 25.990000
47, 3.910000, 3.650000, 4.360000, 25.990000
47, 3.840000, 3.650000, 4.400000, 25.990000
47, 3.840000, 3.690000, 4.400000, 25.990000